2.6726747
0.62638605
0.6283014
3.0473223
0.5056397
1.037196
1.2972147
1.3124938
0.4859521
1.640063
0.7325984
0.871636
0.85227704
0.8047159
1.1856318
0.69880354
1.1719203
0.7161322
1.2915931
0.5943318
1.9660023
0.40087402
1.6777502
1.0655197
0.5556448
1.5450095
1.2919397
0.48042142
1.2061542
1.5572616
0.4684016
1.0400785
1.8510003
0.3899464
1.497177
1.1640048
0.4105357
1.850118
0.8262171
0.5831396
2.282436
0.47962436
0.6601642
2.4755368
0.71358925
0.5846101
2.0082872
0.48135662
0.96649575
1.976552
0.42480487
1.3461494
0.8709681
0.7547743
0.64566576
1.3805634
0.48636204
2.248313
0.77371824
0.7378963
1.8399438
0.71370196
0.8078799
1.3996859
0.608132
1.5547836
1.0960765
0.5109484
2.4927945
0.2943401
1.6872958
0.51580167
1.3851047
1.332299
0.47261408
1.2753464
1.4789994
0.64037925
1.0441401
0.99055815
0.48784477
1.8364227
0.6659603
0.76022744
1.8211539
0.44326627
1.6677176
0.71876484
1.3310059
0.5631679
1.9337666
0.6461692
0.7947045
1.2602422
0.61285156
1.1029681
0.9441647
0.49317226
1.6065159
0.83846235
1.5947133
0.33866277
2.3449523
0.7365872
0.9279798
1.0459793
0.94984066
1.0005213
0.9768958
0.51103866
