1.8611629
0.7732059
0.57383287
1.5445378
0.98916304
0.5553217
1.37014
1.0907078
0.53696084
1.568424
0.91691935
0.6645819
1.5126541
0.58470994
0.97292817
1.1077923
0.4772143
2.0469837
0.5615847
1.0177728
1.2461534
0.763746
0.8688209
1.2391292
0.8443952
0.7099609
1.5962484
0.49574932
1.659865
0.66602194
1.4938484
0.58556813
1.2552845
0.8452576
0.7391133
1.4771998
0.36731657
2.067054
0.5950359
0.91363204
1.3440711
0.6701187
1.0011561
0.6331395
2.1163812
0.34217182
1.7219987
1.1229558
0.7167388
0.99298954
1.1694784
0.7596003
0.8614465
0.90878916
1.478621
0.2552868
2.431214
0.79675716
0.8089198
1.2933071
0.8811915
1.3339328
0.69370186
1.7493137
0.4148282
1.6487026
1.1200043
0.7434586
1.0826924
1.3407269
0.8801775
0.34670368
2.661975
0.6060911
0.4997553
3.444896
0.85934263
0.5889611
2.0304937
0.7310115
0.7012442
1.7881256
0.5938092
1.966229
0.7002157
1.1392266
0.7870972
1.639828
0.74744225
1.0846364
0.757538
0.9106485
1.3858173
0.6213064
1.4534694
0.49623594
1.9023083
0.7379578
0.7303652
1.6166997
0.75100005
0.9007157
1.6404848
0.2939877
2.8695443
0.76956713
0.67944103
1.721208
0.868808
0.60140336
