1.0283773
0.68207246
1.1936924
0.8223979
1.0944598
1.4719362
0.5043968
1.2915804
0.7104885
1.0261028
0.81783706
0.47642067
1.2148341
0.9015902
0.61475414
1.4021608
0.6584426
0.81228566
0.9585229
0.47121412
1.0188164
0.8281478
0.8587713
0.9182237
0.904744
0.76234853
1.3191614
0.8428705
0.76914823
1.5077567
0.646435
1.3969223
1.2345619
1.2957281
0.5862354
2.3524392
1.0613194
2.0779195
0.9797158
1.0234206
1.9368316
0.70428836
1.1941141
1.0918003
1.2603136
0.78342736
1.2352015
0.8420442
1.2484899
0.70597917
0.6911869
1.0340323
1.1712067
0.77364576
1.2580633
0.7954334
1.017198
1.2842232
0.85141003
0.9216461
1.5696956
0.7443212
0.8892865
0.7501755
1.1754367
0.91810334
0.6658156
1.3695127
1.0516675
1.0208426
0.93673
1.1302857
0.6915016
0.763742
1.2075946
0.6427045
0.8524178
1.0979156
0.818241
0.99430823
0.88679206
1.0276716
0.88144624
0.8569858
0.62937176
1.0209293
0.66417956
1.0127642
1.0772161
0.749609
1.0186745
1.297224
0.5603549
1.9487433
0.8013791
0.4981678
1.7476735
0.6754721
0.9400252
0.85042727
0.9051182
0.4814464
1.3103861
0.5221276
0.70630366
0.99654835
1.1017278
1.2279255
0.64350015
1.0496417
