1.0709592
0.75561285
0.77641726
0.9570209
0.68356335
0.6051826
1.0293751
0.88205713
0.6775112
0.8820306
0.8960826
0.8250017
0.8661375
0.8204241
0.89104265
0.9590185
0.7304832
0.80591494
0.8373667
0.8581637
0.7735684
0.82125866
0.8571503
0.6548914
0.7642296
0.93269765
0.80593926
0.878389
0.8785366
0.96154106
0.7725601
0.85617125
0.86080277
0.8041316
0.70531064
1.1185733
0.7828918
0.95304155
0.9974561
0.7013073
0.94807386
0.95539546
0.720491
0.7017621
0.903023
1.0264425
0.6201006
0.9041732
0.9660624
0.64269686
0.8796953
0.7031333
1.0010023
0.91576815
0.75417596
0.7735834
0.9637438
0.8319849
0.70891106
0.8895791
1.1044203
0.8029913
1.0188642
0.836509
0.6872894
0.9773629
0.804476
0.77189773
0.7702868
0.79874754
0.8650583
0.7425375
0.8571621
1.054565
0.77503365
0.9431834
1.1296122
0.657443
0.7732386
0.8855803
0.57254744
1.0018158
0.83079016
0.7895186
1.3283558
0.72820264
0.5795057
1.085825
0.72554654
0.8583143
0.9386923
0.70034957
1.1080863
0.77984166
0.8821771
0.8486669
0.7797569
1.1638895
0.84190536
0.50880814
1.0140183
0.94010353
0.68984616
0.8002177
0.98080647
0.93831384
0.6428422
0.7752949
1.0393631
0.7137041
