0.9854665
0.7734282
1.0353734
0.74909663
1.1986275
0.55587
1.5227787
0.5383557
1.2618294
0.8413723
0.64314145
1.2461678
0.7579142
0.7069114
1.2184217
0.6001134
0.9168625
1.479007
0.44718975
1.6630813
0.9446387
0.51057357
1.7875494
0.50635767
0.7967497
1.0608413
0.9346111
0.6212412
0.78063977
1.6242816
0.70935386
0.66655886
1.179466
0.86165863
1.0121379
1.0322752
0.44528586
2.282844
0.7330892
0.46620372
1.4642115
0.92031115
0.47003716
1.1267474
1.1847851
0.48950523
0.85186654
1.05247
0.7790654
1.2687099
0.7321955
0.76579916
1.4401687
0.75275195
0.59731317
0.8629103
1.0491829
1.0029874
0.80287695
0.729991
1.3274791
0.7034787
1.1273408
0.6477848
0.95663935
1.1658595
0.90848505
0.6378181
1.4431405
0.642337
0.84340465
1.193587
0.42959827
1.3941318
0.7557521
0.70751
0.93614876
0.9214934
1.3615221
0.270577
2.0504835
0.7525211
0.5278254
1.1352789
0.9068333
0.6521789
0.9230826
0.9982053
0.8875785
0.9423511
0.839854
1.0943277
0.6809268
1.1500918
1.0467196
0.8928429
0.5713699
1.4658227
0.7423849
0.7393018
1.1597352
0.91209835
1.0172131
0.6221756
1.2737505
0.64650834
1.1066084
1.1597216
0.50091505
1.2769258
