1.643397
0.47447425
2.1716347
0.5593212
0.9955863
1.4207832
0.6533011
1.0792499
0.837251
0.8794644
1.7722777
0.75552493
0.63783646
1.8839298
0.4367486
1.5475707
1.0451188
0.7345127
1.8084345
0.7349258
1.3640981
1.1575016
0.96344316
0.86015296
0.6710967
2.02802
0.57716084
1.0494672
0.4927972
1.8457136
1.4440999
0.4246004
1.6935521
0.9325181
0.64196754
1.7514395
0.53087723
0.9627093
1.3758359
0.5546669
1.9689541
0.5930475
1.0980022
1.3669944
0.62338585
1.1880318
0.96760136
1.2259654
0.5455677
1.954057
0.6423737
1.4077476
0.5857969
1.389026
0.5960921
0.9520321
0.7209227
1.2782761
1.0570917
0.6176976
1.9669023
0.6592052
0.6220244
1.4296608
0.73182476
1.2626688
1.1609116
0.45868033
1.3251177
1.3616121
0.5296354
0.7721548
2.1295145
0.55640274
1.2910091
1.5511166
0.46063626
1.4054312
0.88783306
0.60051894
1.545543
0.5805495
1.8949487
0.6599958
0.663221
1.6865753
0.55903697
1.0872474
1.3477247
0.35990405
2.1516528
0.4731263
1.5165708
0.69703335
1.299682
0.86920357
1.253485
1.1594964
0.48303005
2.3876963
0.4302256
1.3089604
1.3391157
0.47495627
2.478119
0.4059489
1.4998668
0.7603885
1.5639071
0.34999102
