1.3746516
1.410869
0.7508782
0.9624318
1.600918
0.5370934
1.4045238
1.2869129
0.80752563
0.948643
1.3324242
0.94581914
0.65863854
1.8499357
0.59105146
0.9494648
0.68648666
1.1946418
0.8229493
0.633745
1.9968235
0.5952401
1.4300301
1.1234603
0.45907658
2.746941
0.61716586
0.48841402
1.7786548
0.7814193
1.0412078
0.9271358
0.97533363
1.0809412
0.75095165
1.1855171
0.27646706
2.9364183
0.72993016
0.4825271
1.7469068
1.210226
0.571305
1.0668923
0.8621389
0.8617505
0.862779
1.591471
0.5306609
1.1250112
1.2391568
0.66079557
0.95589685
0.91089
1.245995
0.45188278
1.5457891
0.8819374
0.48317197
1.3742961
1.198295
0.9391178
0.8652288
0.9069212
0.91794276
1.0418533
1.3793894
0.46127048
1.4591792
1.1880741
0.46618205
1.6544774
0.5714433
1.461605
0.55099297
1.5505745
0.4672045
1.4794488
0.88692003
0.6800636
1.1868076
0.8748323
1.0883573
1.7108773
0.33388215
2.244397
0.7101313
1.1692075
1.2265805
0.5378126
1.2468984
0.94017094
0.96988106
1.0892358
0.901487
0.7786815
1.7006491
0.3498618
1.9892201
1.302149
0.6845749
1.1109669
1.8213714
0.35968345
1.4995503
1.0067234
0.5432155
1.7454995
0.8264179
0.80264145
