0.9108262
2.0309124
0.26605496
2.7239168
0.5389098
0.67330325
2.0843754
0.69521475
0.77520555
1.6805594
0.69740057
0.65903306
1.6040279
0.57950544
1.0167603
0.98970985
0.6891768
1.5949688
0.84577334
0.60056984
2.2470102
0.4982555
1.5873079
0.88445765
0.6695154
1.5000093
0.8433168
0.9767111
1.3667889
0.5495767
1.8172121
0.4922568
1.3511086
1.0965083
0.53175956
2.1495697
0.46889204
1.2927525
1.2235104
0.6328501
1.9256861
0.49612615
1.5506686
0.757402
0.8737642
1.4055281
1.0756344
0.6200812
1.025974
1.2993072
0.979923
0.87910146
0.7214396
1.227534
0.77086586
1.1562501
0.771097
1.0938627
1.1817896
0.4058181
2.8947716
0.4994231
1.2908509
0.7048012
1.5093604
0.8526155
1.1328315
0.9267175
0.8625293
1.429778
0.7830324
0.46689397
2.5354354
0.7278054
0.8640029
1.6342134
0.63983035
1.1650847
0.6822098
1.3787532
0.68880934
0.93257177
1.1859295
0.5747657
2.573948
0.26537782
1.6796196
0.7642836
1.3372779
0.745272
1.5489608
0.7951561
0.9103024
1.2345371
0.37793672
2.022716
0.8809103
0.62712806
1.4868735
1.1024613
1.3207123
0.5928166
1.3018781
1.0410799
0.5584186
1.3282428
0.58658767
1.4292718
1.2651616
0.3072406
