1.9291557
0.49987382
1.0686624
0.7007078
1.1530352
1.0315664
0.68667626
1.1841612
0.70613587
1.6987128
0.5290081
1.9028845
0.49913448
1.3381934
0.8580041
0.65551865
1.2591132
1.5062746
0.64381933
0.98027104
1.6650658
0.729675
1.0911744
0.8579355
2.3397214
0.37941664
1.3128684
1.0801177
0.3540337
2.4791546
0.893747
0.53467995
1.683327
0.8761742
0.5916768
1.6598233
0.50728166
0.9057477
1.1044807
0.65490687
1.1948208
1.3721175
0.40807456
1.318114
0.940725
0.71407413
1.2258022
0.89729965
0.79290056
1.3606014
0.7583347
0.8052777
0.85426366
1.3281591
0.9262909
0.80690837
1.6112959
0.7693885
0.6912642
2.0391717
0.4092254
1.6816757
0.6443994
1.3666849
0.74618196
1.0947523
0.78585136
1.2937422
0.71495646
1.0782566
0.78344595
1.0506945
1.4786711
0.5547929
1.544364
0.3882407
2.1458368
0.77151984
0.8279848
0.94738716
0.76547194
1.3138307
0.96114737
0.7667111
0.9817598
1.1395249
0.45779508
2.2196026
0.60606253
0.52202797
1.6096334
0.72822595
0.80954385
0.7776762
1.108231
0.8890124
1.0593204
0.5689409
1.4546394
0.72992986
1.2219744
0.804356
1.2863722
0.6574314
1.4131181
0.36905682
1.8596399
0.6723045
0.9021946
0.86705315
