0.8426239
2.9669178
0.42124468
0.89961046
1.8731768
0.7603497
0.54491985
2.3353033
0.8450574
0.53202415
1.9618297
0.60548794
0.7247816
1.3335288
1.315321
0.48919997
1.2991976
1.0788214
2.233205
0.3532823
2.7609658
0.66630423
1.2767345
1.5999522
0.2671598
1.6828907
1.5468366
0.62674046
0.55886394
1.913709
1.5836296
0.23246376
1.2620065
1.5832751
0.43327242
1.0281942
2.2434506
0.47469172
2.2806528
0.94634134
0.7435875
1.7293441
0.5842625
1.6526953
1.0729449
0.6221658
1.8324333
1.2673819
0.36081442
1.6767144
1.6558301
0.74052125
0.7768154
2.6156988
0.28771004
2.5422359
0.48866487
1.0351514
1.9801865
0.48356414
1.8566712
0.95292735
0.53131306
1.7983551
1.1949441
0.6544385
0.84823036
0.84013027
1.5163798
1.0834355
0.9024006
0.16576612
4.7622952
2.5467694
0.28099287
4.32
1.3423198
0.5084344
2.219862
1.3448449
0.5870558
2.6656392
0.7308986
0.5906967
3.0960097
0.5235015
2.069939
1.1341362
0.7052123
1.3602315
1.4269333
0.59830415
1.5931944
0.86703
0.4427834
2.6377969
0.5356185
1.1423074
1.2377634
0.7516796
1.9978043
0.34207976
3.0313563
0.55132496
0.90362704
1.2524176
0.49563324
1.6944036
1.1651728
0.7785159
