1.2423962
1.0341861
0.6235867
1.349815
0.9139147
0.6565213
2.0700402
0.4539111
1.425326
1.1086061
0.66914225
1.0027875
0.8627113
0.9179326
0.8255825
1.1582462
0.8492426
0.7779512
1.4376466
0.63682437
1.557209
0.7738489
1.1185689
0.88149047
1.1441919
0.41679963
2.0249224
0.44224793
1.255248
1.3734308
0.9706943
0.63250256
1.6160097
0.41037118
2.1834621
0.845039
0.42534685
2.2477798
0.6822094
0.9726775
1.428303
0.6166942
1.0197979
0.85232246
1.3253996
0.836802
0.7217602
1.7224476
0.64801246
0.86583066
2.1170528
0.4838883
1.3796612
0.7017015
1.13487
1.1577682
0.85930324
0.7745538
0.81371206
1.8253427
0.4208628
1.6403065
0.503443
1.9058416
0.5709683
0.99292433
1.2859225
0.41333085
1.5225434
1.1497552
0.6037987
0.5072148
3.0083408
0.6781533
0.41512948
2.2038527
0.7405504
0.70619476
1.2756186
1.0410502
0.66445965
1.3802906
0.7967073
0.8413552
1.7944002
0.4596662
1.4247193
0.99891734
0.89966476
1.3001149
0.7413478
0.9747616
0.82586753
0.6665026
1.5594549
0.42823762
3.1806693
0.47867543
1.00318
1.4295963
0.6359931
1.1418384
1.1049211
0.8406928
0.9396663
1.3544958
0.6670401
1.732698
0.8244306
0.81150293
