1.3346226
0.61612856
0.71184814
0.8488683
0.7332113
0.66115034
1.1167448
0.8093914
1.0021648
0.84289515
0.8577819
1.45193
0.6982564
0.5383252
1.2197152
0.90675056
0.725145
0.79158515
0.99065685
0.53685164
1.2305155
0.92500794
0.52589345
1.3689873
0.52214456
0.4972841
1.7306293
0.7496263
0.38431233
1.0982747
0.8927763
0.6039653
0.8095161
0.8120322
0.8375947
0.81976986
0.5414761
0.9471004
0.87779486
0.6838435
0.9102411
0.8400499
0.75550455
0.78475654
0.8181331
0.89113224
0.9947911
0.7049706
1.0625074
0.84211946
0.6911511
0.831661
0.8800674
0.8805188
0.95638156
0.90344787
0.7158275
0.8877809
0.8651963
0.57947093
0.84770495
0.86421955
0.8330195
0.7096367
0.7836109
0.7496076
1.0032923
0.84427136
0.6175491
0.98686516
0.79295063
0.56560934
1.0717416
0.9446529
0.5448173
1.050359
0.77831477
0.48771372
1.002059
0.9337332
0.5635547
0.70203745
0.80313325
0.7432894
0.9172906
0.7112263
0.7391149
0.7998985
0.7687517
0.5888478
0.8367206
0.9898347
0.70350695
0.8777001
0.7558072
0.7385834
0.93943554
0.6325965
0.7492607
0.9458185
0.63838494
0.7905696
0.91311836
0.50974154
0.9518482
0.81772625
0.9518848
0.9907605
0.58315325
0.6467463
