2.0666785
0.26812917
3.9875402
0.56020683
1.1971081
2.2041516
0.39157134
3.7984104
0.9598007
0.8673841
1.631273
0.6527859
0.71749127
1.1680595
0.76742864
1.1761651
0.2609544
3.4197638
0.50273246
0.9119164
1.452768
1.3621919
0.49173093
2.3072858
0.5052566
1.2640121
1.5051949
0.5428083
1.2911434
0.71917725
2.1790116
0.48564857
1.5438888
1.5266752
0.41589165
1.89386
1.4689529
0.5395193
1.8420489
1.7930535
0.5003918
1.152113
1.1068997
0.55742955
2.2631683
0.48424128
1.2848523
1.2184243
0.61191785
1.9514146
0.37482923
2.3570893
0.9009086
0.59732926
0.66780084
1.1334445
0.586166
2.064371
0.2900889
3.6094499
0.27068153
2.1167846
0.9259286
0.6166574
1.9992242
0.49207112
0.9193489
1.327146
0.30760512
3.1459742
0.49262267
0.55596495
3.1489677
0.5696732
1.2467778
1.429081
1.3429176
0.6089721
1.2052159
0.96901643
0.7144629
0.68376225
1.2115626
1.1474817
0.17344216
6.4772115
0.74729204
0.3346363
3.5268168
0.53073907
1.7009541
0.6166241
1.0475335
0.8859428
0.89618635
1.1001174
0.57723546
1.4191611
1.0334706
0.55426884
3.2021496
0.6597887
0.6713742
1.1217213
1.7294579
0.5922422
1.4198146
0.9831283
0.8990535
0.6735405
