2.5012112
0.44133848
1.7234528
0.6267718
1.7460859
0.36450195
2.1468296
0.909352
0.8757015
1.1315008
1.2036756
0.71452117
0.79433316
1.8395143
0.37229005
1.8413699
0.70604455
0.8566525
1.8033694
0.5172145
1.1753011
1.4534347
0.49976826
1.8126092
0.73081374
0.883213
2.081088
0.4212671
1.2846526
1.1992561
1.2934314
0.37795192
1.8184216
0.9695728
0.59935004
1.1209002
0.8042732
0.50524414
2.9336069
0.5813533
0.85963607
1.1267812
0.68169796
0.9606475
0.84371746
0.8900914
1.398833
0.27646798
2.5371711
0.46869344
2.0633535
0.85354364
0.5009975
2.360872
0.5754237
0.7423777
0.9408403
1.120405
0.7946669
1.0372193
1.1591039
0.8858511
0.59026766
2.298806
0.3517325
1.5747136
1.1365268
0.32816365
2.159515
1.0231383
0.37247926
1.6828649
0.75170857
0.75236636
1.5666577
0.80948764
1.060033
0.67117274
0.88049114
0.78746843
1.2724099
0.22252798
2.9785645
0.8550848
0.8164854
1.1513114
0.61587596
1.5403318
0.7433409
0.7520285
1.9919052
0.5364592
1.2621284
0.64333594
1.9728642
0.3322094
2.6063037
0.8639139
0.4104285
2.8399863
0.7661076
0.88105404
1.0008701
0.84690076
0.61846364
1.1616646
0.9040757
1.4511939
0.746719
0.6875182
