1.5172641
0.6989131
0.87855065
1.2325454
1.5621862
0.26987696
2.3593285
0.68598175
0.6100497
1.4135524
0.761565
1.1982629
0.9442627
0.9727057
1.2130488
0.56626785
2.267135
0.71281433
0.892683
1.0570896
0.9762369
1.0087404
0.67536193
1.360965
0.67528296
1.828476
0.4894441
1.4349993
0.3716198
3.033529
0.7361704
0.2765527
1.9805542
1.1182232
0.4268434
1.396452
0.85056496
0.8757392
0.85867846
1.0003175
0.94131494
0.8994679
0.8786961
0.88353443
1.097737
0.66636884
1.6110225
0.5548917
0.7247181
1.7073164
1.0655788
0.53378797
1.7858132
0.79869545
0.59913915
1.4117177
0.650801
1.1152613
0.909323
0.8554835
1.1791878
0.83918613
1.1114628
1.2324636
0.5792726
2.1091104
0.5235785
1.486799
1.0426362
0.5231901
1.1570976
1.0321105
0.66821843
1.4045427
0.95607066
0.6533774
1.5335069
0.5780133
1.5548593
1.1682715
0.36547762
1.3469197
1.1204007
0.699798
0.6236684
1.4747002
0.71521914
0.99988556
0.9543958
0.658003
1.9429533
0.46302396
1.1432829
1.141881
0.7127702
1.167314
0.7034032
1.1665661
0.5950553
1.7871863
0.51894486
1.0960269
1.4591501
0.3315192
1.6875423
0.84684765
0.6617556
1.2104162
1.0064906
0.5188363
