0.76511776
1.9348129
0.39466444
1.8896903
0.9088036
0.49443707
2.2969637
0.84127915
0.92291915
0.5402498
3.085499
0.4983216
0.5847454
2.343748
1.2131315
0.48531207
1.2012244
1.3180107
0.9835007
0.31911168
2.8949225
1.0727413
0.37146476
2.688418
0.45518988
1.1542352
1.6156509
0.4835411
2.1947284
0.30127376
2.4706092
0.7502012
0.5298811
2.4268823
0.9582753
0.4856929
1.154897
0.77887166
1.1935754
1.1530424
1.1183819
0.3530472
3.015255
0.41053146
1.6299975
0.8997738
1.1947706
0.7153479
1.4526961
1.7332053
0.4050311
1.9649582
0.7327948
1.1092398
0.90079355
0.6613046
2.138525
0.44976905
1.8845168
0.7689724
0.8557601
2.2013154
0.5253833
1.616415
0.64625466
1.0877426
1.2791297
0.537075
2.0783498
0.5197598
1.3884835
0.31328374
2.8973856
1.2708539
0.3113138
3.1312435
1.3589256
0.48122072
1.9581668
0.7236695
0.765696
1.1473798
0.9700887
0.75035423
1.3064563
0.9994244
0.41916895
1.4147604
1.219049
0.71616864
1.1674674
1.0152599
1.2242155
0.8086294
0.7785236
1.3643903
0.83978426
1.9405091
0.3169062
3.329642
0.93447375
0.827934
0.874887
1.1245338
0.77946806
0.80632126
1.7587659
0.4593507
0.81714857
1.3325565
