0.9022521
1.1566718
0.49823567
1.5377305
0.6339274
0.7309807
1.8959007
0.6198259
0.4485546
2.1609566
0.6617135
0.56413
1.258956
0.85337627
0.8605914
0.6917732
0.735059
1.180496
0.71823466
0.49289092
1.7872001
1.004056
0.4978307
1.2793517
0.7662997
1.0445957
0.9282466
0.73895955
0.7369509
1.6349764
0.82308227
0.74234056
0.96877944
0.8991589
1.6400399
0.68033755
0.6689744
1.455595
0.63719875
1.0200149
0.8213041
0.819399
1.1961817
0.6064622
1.1892391
0.7146832
1.0371118
0.7646093
0.89739674
1.0433815
0.93893355
0.81651247
1.2983353
0.43413365
2.0936787
0.3104481
1.0779706
0.9694904
0.94800055
0.8880652
1.0032201
1.0514572
0.6835941
1.0046804
2.077125
0.48636508
1.3011237
0.9435091
0.76160955
1.6670926
0.60489464
1.591516
0.7578053
0.84879506
0.85953593
1.1683336
1.0768464
0.46934032
2.2864118
0.52101046
0.96370023
0.87743497
1.1398244
0.8049937
0.8940303
0.97393566
0.8047899
0.8683347
1.099777
0.5368693
1.6867192
0.85331666
0.5542949
1.8492627
0.46964765
0.6957114
1.3366996
0.7582722
1.3007112
0.8961439
0.8542086
1.2062837
0.7740987
0.9591305
1.1977148
0.71126235
0.9538785
1.4341712
0.82896125
0.81447244
