1.3352249
1.7602241
0.8399577
1.2132663
1.6023159
0.84823835
1.7968812
0.99916935
0.9830748
1.6291046
1.2391462
1.1103873
1.5457565
0.9928801
1.411517
0.8644975
1.5524547
0.89876276
1.3799556
1.2044995
1.2372605
1.0516076
1.9290144
0.9932486
1.1186569
1.2036712
1.4203446
0.8909891
1.5828695
1.2811835
1.3979188
2.2491307
0.6108041
3.8951087
0.73173904
1.2377442
1.4910476
2.124155
1.199115
1.4179201
1.4636407
1.500006
0.8813266
1.9011041
1.2261803
1.1536273
1.2313522
0.6629726
0.95858014
1.5005299
1.1602304
0.9417378
1.1853094
1.0330728
1.5584617
0.7908954
2.253758
0.8232965
1.7664778
0.8571786
1.4879295
1.2453287
1.1218865
1.1811838
1.4083799
1.0461783
2.1053448
0.91549563
0.854352
1.8220643
1.3165578
0.9840213
1.397358
1.6591339
0.93765765
1.993648
1.5045161
0.8769151
3.3417726
0.8835681
1.0637286
1.3980961
0.82868505
2.7065034
0.93935084
0.8142905
1.5155401
0.91457903
1.0695645
1.5730906
1.0159965
1.978642
1.286474
2.1526952
1.0724823
1.7558022
0.66217375
1.6010323
1.0108347
1.171448
0.9275736
1.4356413
2.3217206
0.7615422
1.7538929
1.0695124
1.1728806
1.8352317
1.0220387
1.91911
