1.1526544
1.1261208
1.2188897
1.1975818
1.7694494
0.95425665
1.489376
1.0268033
0.917068
1.1420418
1.0584531
1.8529772
1.0780213
0.931875
1.2715507
0.8720408
0.82151526
1.2916256
1.0429664
0.8048049
1.0082428
1.180628
0.85287714
0.89398646
0.888753
1.1485586
0.93531525
1.0485904
0.8773767
1.3323905
1.4383831
0.9150523
2.351691
0.8921422
1.161
1.4437579
0.91591656
1.7011349
1.189538
0.9179951
2.2683716
0.7969321
0.812948
1.0722761
1.2368052
1.0046453
1.6445446
1.0863221
0.9483141
2.0051658
0.7735404
0.86409175
1.7378805
1.0521728
1.0528848
0.8284054
1.9272101
0.9073394
1.0241557
0.8687375
1.1123605
0.84347343
1.0080323
0.92407465
1.1360935
1.1170118
0.72953284
1.3256544
1.0371895
1.4968154
0.71334296
0.8295872
1.6714034
0.7156177
0.81551063
1.1642025
1.1080685
0.9140737
1.1871037
1.1291494
0.842932
0.7453978
1.6382161
0.9091968
1.1675771
1.0434445
1.0483564
1.0110772
1.5816286
0.7027503
1.0016606
2.292288
0.8955058
1.2239779
1.4162095
1.0460081
0.75973225
1.1336532
1.3424383
0.9432771
0.93403465
1.1506555
1.0542104
1.05524
1.0366378
0.9851198
0.973611
1.8033555
0.49048573
1.4732124
