1.0876532
0.67208636
0.6510143
0.6662655
0.99700445
0.5704669
0.908301
0.8224149
0.67780197
0.86040235
1.1016148
0.58635855
0.813501
0.97813225
0.85126996
0.8823148
0.657189
1.2918992
0.67310405
0.68223226
1.0187969
0.7302246
0.6453288
1.2549461
0.64650095
0.6706754
1.0571553
0.82596487
0.6151397
1.0825284
0.64574075
0.660107
1.0681531
0.8515588
0.5507396
0.85260105
0.7509794
1.2276523
0.5974299
1.097017
0.7995538
0.9075456
0.91308045
0.44306278
1.1565709
0.7895646
0.65791756
0.7254256
0.97207236
0.7196945
0.7515947
0.6321026
1.0103695
0.79126596
0.84230864
0.4691732
1.0451429
0.7959803
0.87356925
0.7757747
0.8109734
0.93350136
0.5677942
0.9353525
0.68113554
0.6387072
1.1497552
0.85668397
0.7322321
0.89948446
0.9655497
0.46810526
0.79822886
1.1149132
0.5171083
0.9714761
0.6250147
0.74775654
0.83555627
1.1445144
0.51528305
0.83225274
0.8067119
0.67627966
0.86127806
0.84421116
0.68870854
0.8695361
1.356946
0.42848402
1.1601641
0.82816565
0.58424056
1.0368245
0.7060121
0.6904374
0.7913128
0.99220467
0.79352367
0.9387992
0.53120804
0.78955793
1.0454272
0.49977103
1.046448
0.73436916
0.5950665
1.1205132
0.6863973
0.6083252
