1.8182526
0.5632231
0.8139234
0.8680053
1.4216626
0.89825976
0.8232239
1.7727109
0.53146845
0.97651964
1.6199887
0.29265386
1.4880404
1.109413
0.6105227
0.87885165
1.0984156
0.93602574
0.75451016
1.4065738
0.689817
0.84652394
1.2137759
0.53705585
1.3660944
0.7688596
2.3854551
0.34856856
0.97499657
1.6763253
0.7846638
1.082692
0.7662611
0.8627314
1.0261302
1.2068583
0.36937994
2.5654733
0.62894034
1.0366933
1.188335
0.7147764
1.1075261
1.1566851
0.65690106
0.9739296
1.7346115
0.54776514
1.440809
0.6382938
1.2883544
0.79139334
0.6819957
1.3574746
0.47202432
2.6640716
0.32123464
1.4519944
1.0047969
0.72992456
1.4430057
0.6473665
1.6131375
0.6638354
1.0973325
0.99549294
0.8735157
1.534347
0.32153624
2.421425
0.66311795
0.38620713
2.0136642
1.1019568
0.48027334
1.8888953
1.0730944
0.7776537
2.0514336
0.4824571
1.1942213
0.790771
1.3700168
0.7526736
1.6867982
0.51660275
2.0505767
0.57300514
0.89269304
1.2523905
0.7818522
1.0945253
0.6323359
1.368978
0.47944736
1.232986
0.9899392
0.6752505
1.1549063
1.2490921
1.0641756
0.6041025
1.066369
1.1771119
0.5640559
1.4703724
0.84334457
1.2483803
0.897775
1.0008552
