8.86359
0.0014809836
5.3489985
4.4234447
0.24160771
9.034147
3.7929244
10.610247
3.14768
13.704319
6.223356
12.326561
3.9493942
14.258095
8.030615
0.21976455
16.34758
12.817186
2.3722472
11.006574
6.9081526
0.43488085
7.3757377
2.68278
3.2237961
4.072179
2.7335453
3.3207867
3.0643272
3.3188677
3.569493
2.3582783
3.210054
1.6612785
3.371006
2.1880758
2.985969
3.6434712
2.2896595
4.1254244
2.5812135
3.915803
3.4757528
2.8352318
3.1894202
2.518054
2.86445
2.4284694
3.556089
2.2926934
3.2890244
2.1736226
2.3647444
3.3151884
2.5327682
2.352585
2.9585588
2.2256608
2.1203692
2.2427328
1.9927739
2.6624584
2.4257934
2.5213342
3.3233027
3.2619748
2.8965695
2.5495949
2.2357664
2.3803706
2.1441722
1.3823643
1.9735671
1.8409661
2.0451834
1.9773091
2.014821
1.9529116
1.8017619
2.1139712
2.1016464
1.4550544
1.7625192
1.7649403
1.8232218
1.5722573
1.9037263
1.8162681
1.264715
1.6286018
1.8834064
1.4804866
1.88434
1.6908686
2.0249906
1.8605201
2.302652
2.2071543
1.4196825
2.2954102
1.7984319
1.188371
2.1259828
1.6261683
1.6138941
2.1736822
1.3759098
1.4862249
1.6185744
1.6015775
