0.48592198
3.181643
0.3495981
1.5873156
1.2266259
0.56119156
1.7533262
1.1522202
0.5759371
0.6697446
1.6318707
0.5298579
1.6942494
0.8233272
0.9668541
0.9057759
0.6545205
2.355108
0.8070228
0.6079619
2.2065864
0.45637494
2.456674
0.6241549
0.51010203
2.8285074
0.568069
0.8001871
1.035618
1.0755787
1.2195385
0.3422888
2.8500896
0.72326493
0.73291314
1.5388861
0.80470896
0.85724694
1.1119108
1.4327109
0.5413858
0.79387593
1.4239551
0.45177343
1.5903952
1.3738307
0.3761077
2.754331
0.37154907
1.6085545
1.137659
1.0827659
0.5726524
1.3742073
0.8725547
1.0182433
0.41629833
2.771986
0.48218703
0.9313031
1.5913262
0.45832258
2.8693938
0.2500671
2.7111268
0.61510456
0.7905907
1.1075321
0.44487518
3.601754
0.44017053
0.32753187
2.743944
1.0590098
0.6524148
1.5710863
1.4596317
0.5304508
1.2290436
0.9281604
1.1316353
0.66909224
1.0700966
0.87902474
0.7837968
1.6240873
0.48219118
2.5719519
0.32390642
3.8595767
0.9408863
0.44889814
3.8793254
0.54817504
0.43321857
3.0630293
1.2180667
0.6197703
0.9276278
1.3112952
1.2201325
0.78213745
1.1365724
0.51579154
2.4839435
0.4212026
1.5912097
0.9035698
1.2388358
0.5363594
