1.0167353
0.9969195
0.43441498
2.7973928
0.7344522
0.81150603
2.3612595
0.34232235
2.5022264
0.57704496
0.86410683
1.345027
0.6117638
1.1242926
1.7795498
0.3769409
1.3353636
1.3372042
0.37347627
2.9854424
0.49706218
1.2817211
0.98669356
0.44413087
1.763613
0.66966015
1.0809872
0.9197432
0.38939053
2.9462004
0.64365655
0.70669234
1.278723
0.8209218
0.92780566
1.8360906
0.44756097
1.8320282
0.5629337
1.8506672
0.68798983
0.7408954
0.6667807
1.9087415
0.33331683
1.9876846
0.7121346
1.0609269
0.8027638
1.0988183
1.2369783
0.40668744
2.1219997
0.3361473
2.2810793
0.65734494
0.947294
1.7738454
0.3528293
1.8389437
1.0005741
0.4730834
2.2275963
0.43575257
1.9823191
1.0174273
0.48388225
1.3087816
0.82573295
1.7477862
0.7731749
0.31971553
3.6427717
0.75438213
0.43285424
2.7741103
0.6103902
0.53303474
2.4472947
0.9357873
0.71596366
1.3403949
0.8950968
0.5562042
2.742127
0.4471528
1.8767208
0.5799206
1.3639398
0.6420527
1.1355076
1.0629215
0.8012831
0.6720449
0.8414088
2.7169137
0.41862488
2.2674925
0.44533718
1.122379
2.0174017
0.4927259
1.0589173
1.0601735
0.8528232
0.7532134
0.8101729
1.9213104
1.2571747
0.49662766
