2.5295644
0.4627676
1.7381704
0.4496898
2.6958218
0.7243044
1.5156848
0.8130308
1.3293531
0.7049519
0.9047971
1.4249687
0.45093668
1.7132921
0.84187555
0.62928283
1.2809579
0.9938338
0.9510023
0.63141507
2.4113212
0.7095788
0.9580873
0.8820436
0.94829816
0.9313656
1.8194767
0.33663923
1.8686295
1.1962886
0.5872432
1.0113521
2.030157
0.24233302
1.6935852
1.4890344
0.45716453
1.4488752
0.97978604
0.6979773
1.1263664
0.9168333
0.6802784
1.3041162
0.70988816
1.3896418
0.3940529
2.168685
0.578423
0.90956265
1.8368454
0.7141124
1.2567692
0.71616566
1.5955827
0.6454611
1.6734004
0.56463903
1.900033
0.52331245
1.833369
0.61476606
1.2070234
0.72821283
1.6406783
0.28417486
3.095882
0.63272524
0.606044
2.7326381
0.5986901
0.56202185
1.7169008
1.0505079
0.46880937
1.5872004
0.9862596
0.5318096
1.8523731
0.73751056
0.9109555
0.8108163
1.1160908
0.6100478
0.9337343
2.0916343
0.42086232
1.435881
0.8029727
0.44359082
1.5629522
0.9836182
0.7239845
1.3516552
0.5012881
1.2082534
1.068913
0.8066547
0.74793637
1.3435459
0.8805959
0.849776
0.5481547
1.7975425
0.53197
1.025032
1.302292
0.93146634
0.4928397
1.8926171
