1.0186626
0.56548953
1.073502
0.5775181
0.77291596
0.80653507
0.74274385
0.9321023
0.66910505
0.7564645
1.1868827
0.60435176
0.7050344
0.75368136
0.9028204
0.74180436
0.66414285
0.8749728
0.9015573
0.5551509
1.1792967
0.5301665
0.8575886
1.0140762
0.8927313
0.6396127
1.2390008
0.44228923
1.2597337
0.6921836
0.6756365
0.6478771
0.66784054
0.7930194
0.86558247
0.91854364
0.42573372
1.6869507
0.54560226
0.6706738
0.899252
1.2903512
0.51509154
0.6969172
0.82054865
0.73045206
0.7989181
0.6779981
1.0574423
1.0455279
0.539495
0.64882267
1.2066967
0.49128735
0.9105548
1.0172482
0.41310784
1.4686322
0.6517892
0.5550674
1.2540708
0.73950857
0.5618614
0.81390643
0.978668
0.7769436
0.8216392
1.0690514
0.6124193
1.1143272
0.64807045
0.7254616
0.6650354
0.80653
0.8633753
0.8637346
0.51961565
1.1689898
0.73890054
0.79739255
0.5084261
1.2661604
0.8076164
0.5348599
0.8934773
0.96222943
0.66545826
0.65308404
1.2613178
0.4687669
1.1166046
0.8659251
0.4230125
1.1877582
0.86811984
0.43592545
1.0416868
0.76483667
0.8102665
0.9227681
0.5102114
1.4345025
0.8907087
0.39555287
1.000495
0.5921427
0.80382854
1.0399216
0.84225863
0.51092136
