0.98536193
0.6779522
1.0630028
0.49997172
2.2434897
0.70143807
0.5676467
1.1978884
0.64661396
1.2657387
0.71235317
1.0092853
0.7588824
0.98407286
0.78160024
0.69346404
0.7490598
1.1192626
0.83350503
0.47806987
0.9966478
0.89375365
0.5477536
0.77888477
1.0088768
0.5870939
1.3250144
0.73963153
0.50364774
1.6779854
0.80832195
0.5868212
1.0113454
0.87748903
0.7517556
1.1418545
0.55558485
0.7942767
0.7064419
0.78651536
0.8568458
1.0198996
0.69566804
0.59567523
1.1003145
0.6937082
0.5724623
1.0157984
0.84544957
0.7072468
1.0708872
0.7623917
0.7835892
0.86112976
0.65300775
1.002634
0.6117182
0.82089376
0.9544665
0.7123215
0.87091124
1.060909
0.5967378
1.1280584
0.7998787
0.77164483
1.296926
0.64138556
0.62091786
1.267405
0.6928326
0.72226834
1.1735275
0.60165095
0.89630455
0.7449467
0.77691185
1.0054703
0.7895962
0.7369932
0.7691777
1.0420799
0.67697346
1.1272217
0.79201263
0.72323287
0.8398297
0.8370855
0.8096999
0.66630226
0.88978577
0.8424792
0.73293114
0.8366258
0.86608076
0.7839308
0.82193565
0.7306527
0.94983554
0.8178333
0.7176355
0.96802115
0.9886793
0.65787816
1.1207467
0.91951287
0.81500185
0.95387506
1.0691407
0.5956234
