0.6434411
0.6358942
1.4279186
1.0637789
0.82837206
1.1300586
1.1909852
0.9022028
1.3883249
0.94981533
0.8833088
0.8413255
0.93156326
1.5425906
0.4922012
1.5026917
0.7237518
1.1411183
0.61977816
1.4248695
0.7162558
0.9804712
0.60734785
2.7389507
0.4491502
0.9521702
1.1198522
0.7327776
1.0107057
1.3428265
0.64239633
1.0965476
0.8142697
1.0597987
1.234885
0.9382919
0.52157915
1.7733643
0.74756896
0.72681797
1.6519701
0.70132196
0.7027569
1.5697931
0.9091753
0.7561449
1.7193451
0.46204078
1.6781625
0.7897674
1.2146988
0.6303935
1.4738557
0.8778763
0.63356674
1.2397721
0.642932
2.1284916
0.5886747
0.7781403
1.4898459
0.7509286
0.9422931
1.3252459
0.53451717
1.3616925
0.8988649
0.85391754
1.1274409
0.7333374
1.7139851
0.3551107
2.3639202
0.72965205
0.83482623
1.8843765
0.7929945
0.92371625
1.564342
0.77759343
0.7320444
2.3152862
0.59329426
0.796591
1.5796618
0.9104133
0.4116467
3.0192547
0.5155757
0.61111957
1.9712157
0.5786216
1.272418
1.014452
0.66341835
1.3331708
0.77165747
0.7988248
1.4472978
0.649575
1.3509425
0.8427454
1.870844
0.5684144
1.5325029
0.75615215
0.8716954
0.8671707
1.7227976
0.5346987
