0.2077044
4.286278
0.44479448
0.8992165
2.0937018
0.5528952
1.1873477
1.3058729
0.98119915
0.26121575
2.8908463
1.0050566
0.44858867
1.8554938
0.8440535
0.6261847
1.8691605
0.32278323
2.475289
1.2755797
0.56434846
1.5836337
1.1274291
0.8209272
0.29178584
3.6302297
0.5557206
0.3740261
2.1750245
0.6684776
1.3969805
1.1257907
0.8504136
1.2022644
1.2977393
1.2470663
0.3953652
2.1778796
0.62905693
1.6302779
0.98344976
0.6892045
0.7806568
1.3944325
1.0278482
0.22899081
4.5776405
0.422727
1.2418172
0.670352
1.5818954
0.89797735
0.68076813
2.1305652
0.607661
0.81947786
1.4551808
0.39854267
1.9808924
0.8532366
0.64653003
0.78311706
1.0511765
0.55820787
1.8191512
0.7411994
0.7177961
1.5938267
0.31761244
3.5289693
1.2078725
0.110435314
4.9633827
0.7959016
0.3166229
4.6148205
0.6459019
0.8496859
2.188189
0.4299544
2.254034
1.0398107
0.4896257
2.8021219
0.7636371
0.65552735
1.9171715
0.5532572
0.76751566
2.8336759
0.84654474
0.8462157
1.753811
0.45368308
1.4479063
0.6746112
2.1362886
0.29919764
3.3377542
0.48190394
1.3936896
1.4948469
0.39992973
1.2409787
1.488126
0.8046045
0.3297853
1.7333925
1.1916163
0.43520638
