1.1872854
0.541158
0.7338782
0.85221815
0.9435368
0.47410455
1.3735539
0.7284565
0.53028107
0.95878786
0.9322469
0.78024834
0.79828805
0.71994317
0.7967088
0.6065765
0.81097484
0.95214427
0.6439489
0.63466614
1.3632255
0.70954317
0.52216613
1.007273
0.74305487
0.70175534
1.150649
0.64366627
0.71388674
1.3496134
0.5984213
0.65389013
1.2310606
0.5729953
0.922562
1.1472839
0.4529079
1.404166
0.67832553
0.66145325
1.0167283
0.85087657
0.7012514
0.74538946
0.7664625
0.80312395
0.72087836
0.9720954
0.5848342
0.84801537
1.432976
0.4542845
0.80071825
1.1576676
0.46522275
0.9917568
0.942941
0.783252
0.6725356
0.85475767
0.7456087
0.71618193
1.1397636
0.57054526
0.7896477
1.0572127
0.666218
0.70628107
0.86249435
0.7090285
0.6368705
0.7842645
1.079756
0.680802
0.6631397
0.992612
0.50176054
0.8998889
1.1757238
0.7718222
0.5191833
1.5101726
0.8147942
0.50197273
1.2750899
0.8787046
0.57488954
0.9628712
0.872655
0.57061183
1.0516398
0.9131391
0.69141847
0.852001
0.47247985
1.0811481
0.6686285
0.7852138
1.0522342
0.6099399
0.9118895
0.88705933
0.79242706
0.7788946
0.9105375
0.4632768
1.0996486
1.067585
0.39038107
0.7520832
