2.333707
0.6897576
0.8211919
0.9550978
1.0072695
1.1035993
0.79135394
1.884028
0.49136555
1.3622991
0.9946452
0.7327919
0.8567791
1.5587897
0.5202418
1.2053866
0.9298615
1.2059832
0.8249093
1.0795755
1.4184505
0.6426326
1.3698093
0.6610408
1.352644
0.79655194
1.6127706
0.5217444
1.8313422
0.5265163
2.0611925
0.37584388
1.6552427
0.93120843
0.6038095
1.8015999
0.47996017
1.3736459
0.81523883
1.0984403
1.1833832
0.70643085
1.319933
0.71890426
1.8108788
0.46224827
1.054477
1.8325672
0.49867827
1.3209548
0.9950366
1.1299247
0.80573845
0.8934762
0.82637763
1.0059971
1.2779263
0.5197274
1.9452604
0.5112414
1.2320395
1.3000138
0.5254046
1.6327199
0.72394335
0.871953
2.3982644
0.43140185
1.7794254
0.86937904
1.2918682
0.41988045
1.6025717
0.8529918
0.6361419
1.6922386
0.68264425
0.9775833
1.0012589
1.1669608
0.7081193
0.7418392
1.5894554
0.739636
1.0401242
1.3966138
0.72416455
1.1191607
1.2703881
0.7547778
0.62114555
1.752137
0.6772889
0.949655
0.8862812
0.9765961
0.9988148
0.9160625
0.8839773
2.1082582
0.33883238
2.6974669
0.68460685
0.9172983
1.6915104
0.6744757
0.90490377
1.5152194
0.7976812
0.51556504
