1.5135971
1.146894
1.7940853
1.0062389
1.4901613
1.6888871
1.1734214
1.1334854
1.5868162
1.6108668
0.84024364
1.2088084
1.5599898
0.51333904
2.3805332
0.86943245
0.94866985
2.3049107
0.7256976
1.4452194
1.8292758
0.85931444
2.1950686
1.2037494
0.98730063
1.6811228
1.1551658
1.4728701
0.91972756
2.1918666
1.0798093
0.78695196
1.8779607
1.2899675
1.4763485
1.340072
0.5791764
1.9505615
1.298697
0.6810914
1.914206
1.9247723
0.627097
1.6978343
1.1269069
0.8234441
1.0888729
1.0763998
1.2992164
1.4037093
1.3183079
1.3485851
1.4315202
1.2625425
1.4189589
1.2173803
1.6744387
1.17279
1.7791631
1.3350163
1.3221782
0.85512877
1.0395169
0.9617831
1.6108391
1.2832496
1.1519765
1.5126518
1.8027846
0.5938644
2.304872
0.9496702
1.5486484
1.2434952
0.9231997
1.2947731
2.019534
0.6676897
1.6730021
1.5871652
0.8223833
1.4580817
1.7360799
1.8276912
1.4574436
0.84988475
2.9129696
0.77519333
1.5976232
1.0815104
1.0886543
1.2781284
1.1755304
1.1770382
0.90505594
1.1772242
0.784237
1.1506832
1.4307928
0.70967776
0.9844298
0.9032794
1.5485884
0.434326
1.9842943
1.1385876
0.8736776
1.4026443
1.4424222
1.1592414
