1.0457435
0.7057358
0.86331403
0.586725
1.4914329
0.60750675
0.51675415
1.2675397
0.6927309
0.85193574
1.0036922
0.66526586
0.7294562
0.8011693
0.7995806
0.70492834
0.9967074
0.67315745
0.7627567
0.720714
0.7936494
0.8928585
0.59212774
0.8837993
0.69933
0.6235045
1.226975
0.54079473
1.0185022
0.7510623
1.0824246
0.43601692
0.6933497
0.805523
0.72985965
1.3581772
0.46548802
0.6936351
1.0387137
0.8796588
0.915851
0.81987697
0.6995866
1.385555
0.74433005
0.69050735
0.8761072
0.6929307
0.58956695
1.0719519
0.5632163
1.1756362
0.7691535
0.64568675
0.8665609
0.7059237
1.0222349
0.67098314
1.0330744
0.58489746
0.8222592
0.9878334
0.5268576
0.8277172
0.77220154
0.90285623
0.69002527
0.6939752
1.083117
0.9158759
0.7319355
0.7647347
0.86136025
0.6676602
0.8890956
0.6852552
1.1682011
0.54653716
1.0674226
0.9344663
0.47718826
1.055875
0.8781263
0.5591351
0.9130565
0.67989445
0.9426205
0.7007734
0.69412744
0.9921787
0.6747486
0.7412589
1.0829847
0.62724054
0.7823372
0.99787956
0.59281677
0.8752264
0.8682494
0.88190603
0.5969293
1.0748651
1.0460095
0.36557472
1.6480601
0.7791549
0.560948
0.86587703
0.7506685
0.66195446
