1.0072043
0.81014764
0.98313427
0.8382915
1.0966065
0.65112615
1.4093981
0.65815675
1.108032
0.96775657
1.0069999
0.8533206
1.3073926
0.5472336
2.435588
0.409607
0.8532707
1.0965669
0.7788981
1.1052175
1.0261875
0.9084843
1.1065124
0.6441822
1.8844341
0.5665468
1.8596594
0.82345855
0.53701675
2.073961
1.0771236
0.49817163
1.6201353
0.7279658
0.9843323
1.3685706
0.99391496
0.8960695
1.2299365
1.1677625
0.54452753
1.9784026
0.54344046
1.2696545
1.4226499
0.82010084
1.7455013
0.4475896
1.9393702
0.87157565
0.8328874
1.1167353
0.8774812
1.4204334
0.76563895
1.1176584
0.48906064
2.365212
0.56646943
0.74190015
1.451108
0.906109
0.5036699
1.5225993
0.5545672
1.3078017
1.2720295
0.554818
1.5845802
1.0828255
0.33507663
1.6554432
0.877621
0.71092135
1.1623193
0.8336581
1.0546262
1.510179
0.6530539
1.7532237
0.7236321
0.7364938
1.1898565
0.7582265
1.3506806
0.64642256
0.7570616
1.9665961
0.5565509
0.85624915
1.5726428
0.80542886
0.60869145
1.4851763
0.48937434
1.8224958
0.74618363
0.6922619
1.0477935
1.1109152
1.1260178
0.688038
2.6398578
0.5562773
1.4222399
1.0085082
0.8019713
1.3609875
1.0227294
0.37599528
