1.5279126
1.9795424
1.9997079
1.9807608
2.125967
1.7793493
2.116833
2.2832701
1.9657412
1.6689087
2.4880655
1.7118057
1.6207054
1.7839046
1.6052127
1.4483167
2.0385704
1.6249832
1.8021997
2.189471
1.9696617
1.9757789
1.9230947
1.7815733
2.0658865
1.9156647
2.08381
1.982526
2.2187178
2.2493615
1.7344496
1.9878006
1.9763447
1.7921586
2.546184
1.9365661
2.3250158
2.376738
1.8332859
1.7063574
1.7132272
1.970277
1.7040422
2.1331089
2.007152
2.1532974
1.2788181
2.2750003
2.2077157
1.9711471
2.0618443
2.2340894
1.9655187
1.4793049
1.4452435
1.7359298
1.4845314
1.9627674
1.6190962
2.2651105
2.3440015
2.3597286
1.8383977
1.9845848
1.8187462
2.0975733
2.2319965
2.3428829
1.8473709
1.6097748
1.5247779
1.8479991
1.4174898
1.9203463
2.0136456
1.6935685
1.7514092
1.9691244
1.8993288
1.976064
2.2738395
1.9572976
1.6098162
1.4867516
2.2810664
1.9011047
2.0307436
2.187682
1.8496267
2.224424
2.0011263
1.4051883
1.781854
1.431162
1.7393918
1.6008871
1.9778571
1.6543689
1.4656447
2.0122728
2.2086635
1.4616045
2.18395
2.4036856
2.0255208
2.473216
2.619647
1.2180765
2.9574845
1.7729161
