0.86755586
0.7158115
0.54848075
1.8569853
0.2907953
2.058662
0.71866965
0.5616785
1.3254571
0.69436127
1.0987072
0.65884423
0.9487119
1.0710404
0.6168225
0.7433057
1.3693328
0.6765242
0.7004435
0.9651209
1.130807
0.816277
0.57725775
1.2979158
0.5860607
1.5330545
0.4798359
2.1813622
0.39200935
1.5848656
0.8631631
0.62325174
1.0222633
0.8281596
0.98743355
0.89369094
0.5296974
1.5642555
0.5519855
1.3094666
0.9781026
0.61721885
1.156282
0.70182705
1.2101003
0.75427735
1.0179691
0.91557884
0.8571094
1.3255507
0.61557764
0.7723398
1.1259996
0.7274189
1.0896256
0.9195024
0.683158
1.586822
0.27429605
2.2562022
0.702883
1.0452936
0.63510716
1.158456
0.969543
0.9243576
1.3687617
0.5059217
1.3439956
0.88175845
0.6659062
1.109543
0.98791796
0.88838375
0.81265754
1.7039135
0.44974038
1.2892215
0.8740275
1.0697212
0.5303649
1.7015889
0.82095575
0.7647388
1.4569665
0.652565
1.1106057
0.90674734
0.8654218
0.7844525
1.2063584
0.78487486
0.9513596
1.217318
0.80993897
1.0281599
0.5432081
2.7026339
0.6403022
0.7830965
1.4040504
0.5599879
1.378668
0.64959407
1.1060312
0.8691498
0.8237634
1.4517528
0.4289316
1.3055866
