0.914582
0.8387636
0.9759394
0.61081386
1.1047521
0.7013656
1.106553
0.6386337
0.73847735
0.96234065
0.7232611
0.8137132
1.0751653
0.8469683
0.7481407
0.9261746
0.46158785
1.1741648
0.9885404
0.6143889
0.83509636
0.9439139
0.8117679
0.6167044
0.9079647
0.5893798
1.3468187
0.5557711
0.60977626
1.508587
0.58088976
0.49061093
1.6557007
0.6971075
0.6676928
0.99152756
0.6570823
0.7717066
0.9101955
0.83569413
0.8173561
0.98668504
0.64172095
0.9500638
0.6457013
1.0642854
0.74136174
0.9650974
0.46029183
1.2814994
0.8299261
0.50190866
1.3479785
0.8039819
0.51164687
0.8009416
0.904834
0.77295756
0.7169174
0.8939312
1.0827515
0.5788351
0.9633455
0.7067497
0.82175845
0.85238165
0.59780884
1.1140434
0.8137339
0.68006396
1.3005046
0.6712738
0.7431172
1.1281632
0.44111943
0.7669814
1.215524
0.7605814
0.85770345
0.60436475
0.90351987
0.9883859
0.7267194
0.7104542
1.1979697
0.62379026
0.66627985
1.1447049
0.40417954
1.4458721
0.75394666
0.6172589
1.2129607
0.56797045
0.7183871
1.1090436
0.7424258
0.79199433
1.0139632
0.8811708
0.95693254
0.5233276
1.6617115
0.3960544
0.71862453
1.1573317
0.6073261
1.2553608
0.6943911
0.5861374
