1.0273263
0.65671945
0.9540515
0.577741
0.8187634
0.8692559
0.9207898
0.84931034
0.7527144
0.791775
1.1349442
0.77519846
0.86010057
1.0377725
0.48514092
0.8143114
0.80972004
0.64650035
0.8647655
0.83415365
0.84716535
0.88534176
0.81890535
0.5343153
0.8687723
1.0465677
0.6454962
0.74925184
0.98298717
0.7557469
0.8839653
0.7545084
0.7017791
1.1852328
0.53153336
0.8644527
0.8846108
0.94406354
0.60810304
0.82442534
0.7474232
0.9126457
0.7796376
0.65487766
1.0196495
0.7389808
0.7975942
0.71199834
0.5308648
1.5591339
0.6653641
0.41236717
1.2078224
0.73301363
0.64533556
0.93959796
0.72289705
0.7626517
1.1730212
0.5864857
0.8212491
0.91134274
0.5971965
1.1155788
0.9234399
0.6442919
0.8057056
1.1556985
0.5631497
1.1540143
0.5976536
0.6089747
1.1138976
0.6257149
0.78225374
0.8147908
0.6626878
1.0538933
0.5792415
1.1480265
0.64863217
0.6453438
0.69553995
0.69003093
1.0903785
0.54729533
0.6837132
1.115664
0.50636166
0.6199442
1.3335433
0.731066
0.420761
1.2432275
0.99885035
0.58034056
0.45595872
1.2456253
1.0681897
0.61153495
0.88012064
1.1418476
0.71749294
0.555239
1.0508989
0.6542592
0.69646245
0.9672641
0.625398
0.61427367
