1.4360111
0.5870874
0.66756713
1.0289133
1.2723298
0.6374957
1.5142577
1.013578
0.6289405
1.6442637
0.833652
0.6467875
1.4901129
0.81859154
0.77152336
0.9995542
0.78993386
0.8508088
0.99684423
0.7472451
1.1635222
0.89518
0.80049986
0.8943317
1.1770115
0.92298913
1.2793144
1.0905716
0.66216743
1.1369234
1.0918686
0.6429876
0.9949026
0.8290471
0.83662224
1.3525069
0.67568517
0.8729681
0.95151526
1.0194937
0.9989747
0.9696841
0.94697386
0.75396824
1.3940365
0.7700267
0.83244187
1.1279527
0.7598288
1.0888793
1.0703838
0.8183664
1.357836
1.008243
0.6340967
0.96386665
1.1653787
0.62078696
1.0771898
1.085181
0.7521037
1.0317278
0.9749069
0.6522205
0.900501
1.0605339
1.0550846
0.73294544
0.84266853
1.1921258
0.7900512
0.6654876
1.0893621
1.0900528
0.75858855
0.8635249
1.376093
0.77159864
0.5470793
1.000869
0.88728493
0.6644956
0.88754416
1.0569903
0.5973021
0.6023689
0.8932598
0.7978556
0.7028518
0.8254794
0.8817944
0.7759079
0.9859119
0.9235195
0.7235839
0.72583723
0.89442396
0.8672992
1.015482
0.8644529
1.0895131
1.010818
0.73763466
0.741741
0.9338283
0.7958004
0.89044416
0.7209377
0.7012846
0.8815336
