0.8072798
2.1696515
0.26569557
2.9669392
0.48583466
2.3368313
0.6426022
1.6892335
1.004387
0.59593785
2.0471942
0.48600906
2.1592948
1.0716383
0.6698912
0.9158697
1.453892
0.8286861
0.869604
1.0252563
0.7659513
1.6290913
0.9514482
0.6637555
1.4193738
1.7850387
0.44186386
1.505671
0.44210306
2.8481112
1.3647145
0.4104517
2.8258958
0.80158496
0.5312532
1.9654951
0.7545794
0.779124
1.7072823
0.9643451
0.7767216
0.54811037
1.8759825
0.7491039
0.93238926
1.2190642
0.49202687
1.6112399
0.9080973
0.49621034
2.6729546
0.38685572
1.3371328
1.3590391
0.5057845
0.5040084
0.84831846
1.8952453
0.87477696
0.554587
2.2404776
0.49579868
1.968859
0.4695683
1.5905023
0.8842149
1.059866
0.79676014
0.5999962
2.9103866
0.17415924
2.0866907
0.8205357
1.1498101
0.43912792
2.5312922
1.4950044
0.5574141
1.5362809
0.6402465
2.7809818
0.41804427
1.5183278
1.3915919
0.5827867
1.976738
0.8063465
0.58944
3.099209
0.6494615
1.3576328
0.5437925
1.4035412
1.3091254
0.48230365
1.8251312
0.51637065
1.4003989
0.75648224
2.2828758
0.39687335
1.8959095
0.72173256
1.128677
1.4306228
0.6409161
0.83596426
1.0266526
0.6570284
1.553526
