1.048999
0.5188201
1.2570096
0.50060934
1.071075
0.7211572
0.9664136
0.8457454
0.57059085
1.2182717
0.8402735
0.7499392
1.1474156
0.62432677
1.0128812
0.55665106
1.0241585
0.794608
0.6132024
0.9178816
0.8328377
0.9723502
0.56433916
1.029202
0.5380154
0.91369605
0.65122783
0.85923827
0.877778
0.7822596
0.77165914
1.0634468
0.6345438
0.7041405
1.0945842
0.86609715
0.3661418
1.3184445
0.68506134
0.6233393
0.97149855
0.7620115
0.795936
0.7940075
0.7858977
0.72517
1.0002015
0.73882455
0.83224744
1.0970778
0.48063013
0.9695717
1.0119069
0.5967194
1.2039528
0.6483152
0.57144713
1.463783
0.8420069
0.44133604
1.5344429
0.77490294
0.47172964
1.0123689
1.0517137
0.7982259
0.88839865
0.97146
0.64322805
1.0731221
0.77208734
0.46127984
1.8968898
0.7051219
0.35338336
1.1147618
0.95191497
0.7783158
0.92676383
0.5875211
0.8915632
0.7029944
0.9209033
0.9314884
0.6703106
0.72719383
0.7752353
0.73549515
1.0925066
0.6112675
1.0717062
0.6418652
0.770992
0.68719053
0.94191176
0.7636128
0.7627983
0.67521775
1.0680364
0.5953498
0.82247776
0.8839662
0.7383032
0.6365509
1.2215749
0.46480352
1.0914336
0.7671666
0.6871798
0.6479957
