0.45690095
1.2323291
1.0789223
0.49203575
2.5053606
0.37718278
1.5180326
1.2442858
0.44173062
1.2881424
1.7082295
0.38564777
1.1930494
1.335732
0.6150967
1.260437
0.753541
0.9051007
1.5146775
0.46850735
1.916613
0.4398216
1.657136
0.9350418
0.6709551
0.81638026
1.9630171
0.30942714
1.5777004
2.1641183
0.4112609
1.0181245
1.4682
0.74075115
0.97305787
2.0592606
0.39515755
1.8721919
0.74478257
0.72712505
1.6549184
1.4351083
0.4967613
1.4114761
1.4330194
0.47872373
1.7742114
0.55109596
1.2084775
1.3223429
0.8810257
0.816412
1.4292144
0.5637413
2.02485
0.4875678
1.5157473
0.90918374
0.48911983
2.2329576
0.6742779
1.8455156
0.40015736
1.6510966
0.9898478
0.7551973
1.3141844
0.66964126
1.0592375
1.0312841
0.920384
0.54541624
2.3591208
0.39882365
2.126584
0.69049346
0.57782245
1.737555
0.7058937
1.0627353
0.8648051
0.7122466
1.8046534
0.49296537
0.9409447
1.2799734
0.62306416
1.8915371
0.6486386
1.1238508
0.9675088
1.354991
0.9231082
0.82683283
1.1053051
0.5206137
1.217664
0.81164515
0.8504436
1.0208216
1.2862171
0.4983939
2.167202
0.2835223
4.197114
0.7740809
0.3839047
1.5233684
1.4120138
0.60552377
