1.011493
0.8328662
0.9181174
0.8128258
0.82631767
0.7700286
0.994912
0.9352035
0.7787349
0.7949858
0.8959794
1.0421982
0.6973687
0.8863312
1.1418403
0.80724967
0.639074
0.98105025
0.84714645
0.8666372
0.66643006
1.0021118
1.0902735
0.80215645
0.6867039
0.8573775
0.85324955
0.8135084
0.80555224
1.0684946
0.74475497
0.98220515
0.7769519
0.74918395
0.9984332
1.0151397
0.51859367
1.5260943
0.82036555
0.50156575
1.0157888
0.83185446
0.66646785
0.7743279
0.7996435
0.9039342
0.6912596
0.86010504
0.74260306
1.1129277
0.7801494
0.6287606
1.0095141
0.7959402
0.7999561
0.91313183
0.8514093
0.7567346
0.83021337
0.7672312
0.78589725
0.85860014
0.5656711
0.69248104
1.1272954
0.7582459
0.66391623
1.261304
0.8981379
0.7540252
0.77025914
0.7644278
0.6668054
1.1147795
0.97802126
0.5503686
1.0368288
0.91710955
0.66679454
1.063744
1.0922672
0.63932616
0.8312801
1.03509
0.61705506
0.741657
1.0611804
0.50737715
0.98284256
0.6977969
0.7347213
1.1203477
0.99100244
0.72628385
1.0850241
0.8027124
0.7958765
1.0908777
1.1608802
0.5000033
1.2761476
0.6407019
0.86302364
0.56235266
0.91419405
0.6938511
0.812859
0.9150448
0.623772
0.7637882
