1.3985662
0.81975937
0.7571429
1.3289765
0.7963015
1.2742053
0.82768315
1.5607297
0.6444746
1.2428715
0.8902654
0.4866318
1.4049134
0.79572487
0.95914847
1.2704756
0.5978407
1.0568864
1.2462325
0.5902684
1.2262582
0.8037511
1.5832059
0.46078235
1.8604332
0.5974375
1.2409415
1.0431826
0.5867131
2.1689284
0.599755
0.6659447
1.6579144
0.5645684
1.0561621
1.3342569
0.503518
1.5912602
0.8288627
0.582903
1.8055309
0.7394906
0.5956088
1.2777386
0.93005216
0.6683422
1.1189002
0.99509335
0.719061
1.3521696
0.9163813
0.8809477
1.145916
0.87177974
1.124583
0.58542556
1.3271593
1.3151942
1.205507
0.25801122
2.9838228
0.9978897
0.30701882
1.2682252
1.0774782
0.7310678
1.0133142
0.9854991
0.8163227
1.566369
0.64068526
0.60926735
1.6125466
0.9078698
0.56289184
1.4061201
0.8743168
0.723923
1.1247436
1.4635623
0.5206355
1.0062916
1.4282857
0.7544763
1.0574522
1.1565303
0.87667
1.0001419
1.3815031
0.57590115
1.716923
1.0743904
0.57200694
1.3021923
1.3412385
0.61927545
1.3296907
0.5281521
1.8566475
0.73086506
1.2994161
0.7964414
1.7946572
0.79705536
0.79848987
1.7989075
0.6212858
1.0665729
1.4473349
0.8351252
