0.968181
0.941182
0.6385141
0.8476705
1.0361929
0.67498803
1.016777
0.62313807
0.9225861
0.82954204
0.97540224
0.7244451
0.7552562
0.6066802
0.96220326
0.54356545
0.94258
0.83813274
0.6596419
0.82514334
1.0312731
0.610969
0.7520434
1.0627685
0.37368792
1.7127966
0.78263915
0.5371692
0.9993446
0.8454607
0.6719644
0.8102297
0.84196043
0.9079217
0.72693473
0.80081594
0.5852636
1.2178656
0.5892681
0.80740106
0.7690231
0.931371
0.64430463
1.2711601
0.5592572
0.7654192
0.97690374
0.6302321
0.8410348
0.91914904
0.6094889
0.7379113
0.94138813
0.74828166
0.88060904
0.77210253
0.57836187
1.3445847
0.6270306
0.78198797
1.0618472
0.5679585
0.86375284
0.8079004
0.71310747
0.80933094
0.9501978
0.6065322
0.9245417
0.9220393
0.63911664
0.5742755
0.9968859
0.67529356
0.6428108
1.1726935
0.5773118
0.7926815
0.9337247
0.59017694
0.8002649
1.2936587
0.51129705
0.82355547
0.8536521
0.71974236
0.69562304
1.0022148
0.7558459
0.7816758
0.8448155
0.8488052
0.5529508
0.8678559
0.883113
0.68851566
0.6069528
1.2383199
0.71621436
0.83879286
0.7069476
1.025412
0.72378254
0.57250553
1.1571225
0.64806604
0.5932182
1.2765367
0.7111099
0.5041498
