1.0423374
0.6974219
0.94941866
0.79906166
1.0714208
0.8457957
0.5961105
1.7924469
0.566023
0.7056452
1.2711797
0.5881319
0.863804
0.8708326
0.63550305
1.0631052
0.60426855
0.9551945
0.7068224
0.97056043
0.94138193
1.0302541
0.5609542
0.84695023
0.8694479
0.91439486
0.9431462
0.702174
0.73796856
1.2625818
0.77713346
0.65891784
1.3472002
0.7517146
0.44790143
1.7509518
0.37854362
0.9932581
0.931646
0.5512912
1.534182
0.6549504
0.4761418
1.5863247
0.6837227
0.6091852
1.1704094
0.817397
0.5539261
1.6690304
0.7081715
0.46241614
1.6320791
0.7799602
0.47414735
1.0050585
0.8659997
0.6542194
0.8791003
0.62419987
1.3938143
0.5608056
1.0807388
0.6262769
0.78542006
1.4859583
0.5628022
1.0383842
1.1160076
0.4954825
0.9323354
0.80381674
0.575228
0.94267195
1.0228773
0.79224706
0.63274086
1.2381389
0.8518965
0.60270226
1.1006761
0.9951428
0.6400984
0.8278226
1.396826
0.7052716
1.0185649
0.61634356
2.0701284
0.5663831
0.73758906
1.2663817
0.705996
0.8657001
1.0575646
0.43463495
1.6105494
0.4978454
1.5069292
0.57139796
0.9993399
1.1478479
0.7379316
0.73392874
1.2562522
0.54483616
0.8019945
1.2779227
0.65926236
0.5874981
