0.8216046
0.56818855
0.92765373
0.7879164
1.2403276
0.5583845
1.0422095
0.8329747
1.0807756
0.56443757
1.3507903
0.8805387
0.74948585
2.0756602
0.6659782
0.599105
1.4654375
0.936978
0.4409085
1.4812295
1.2366798
0.80657554
0.8942863
0.765865
1.1613469
0.69905794
1.5734614
0.52908105
1.2220545
0.91605705
0.99694026
0.54946184
1.623544
0.48660314
1.4265941
0.69950265
0.5951303
1.9398909
0.5543678
0.971406
0.94492185
1.0731612
0.6533369
0.9437889
1.5413629
0.42265707
0.97997326
1.3302699
0.6002356
1.4395422
0.6310512
0.6737555
1.633719
0.6584689
0.7784005
1.217032
0.71506023
0.91679776
1.3368714
0.52174205
1.0132129
1.1812065
0.5190842
1.4171437
0.8450327
1.4007912
0.71156335
0.6903171
1.4279741
0.8165371
0.6935016
1.2627326
0.73992383
1.5162232
0.41642064
1.5171163
0.7423754
1.2926232
0.9621624
1.4044684
0.67868817
0.67712384
1.3975437
0.5855873
1.6787869
0.6030542
0.64888746
1.3486221
1.0359869
0.5116647
1.9653769
0.57798916
0.95202804
0.8182868
0.7115683
0.77995944
1.1595366
0.5342766
1.8529336
0.8328874
0.79095095
1.2118598
0.73115057
1.205519
0.621693
0.9257225
1.3358853
0.74996096
0.6913313
1.0741376
