1.5578423
0.5553043
0.6512148
0.76878273
1.1305263
0.62724864
1.5471971
0.825523
0.5335541
1.1035545
0.85665333
0.83358395
1.0495629
0.76099366
0.71502197
0.8194989
0.57922465
1.1237618
0.8009974
0.51316535
1.1535734
0.8432087
0.6655277
0.8162029
0.9113901
0.76748425
1.1229948
0.39859712
1.5016551
0.8583729
0.624436
1.1836016
0.6320584
0.7003023
1.0880771
0.84588003
0.3432575
1.6058567
0.72886175
0.5858786
0.96361
1.1575339
0.5581445
0.50730324
1.2184082
0.6560522
0.79365456
0.9195174
0.56392175
1.5175246
0.72400665
0.54615057
1.3852532
0.8233048
0.8403232
0.651429
1.3430893
0.6088777
1.0520175
1.1895399
0.9100852
0.5200188
2.1123824
0.5400875
0.74806976
1.2109531
0.8351824
0.633193
1.0590718
0.8965815
0.62041974
0.6136837
1.262831
0.7044617
0.74385273
0.88888466
0.8274685
0.6139283
1.4630156
0.42532086
0.96506816
0.93267727
1.0506407
0.6853015
1.1538024
0.63118714
0.91251653
0.7690176
0.68660283
0.90210646
1.1029294
0.60069823
0.7509929
0.7063099
0.9068013
0.727219
0.5802089
1.2900742
0.4347194
1.6549706
0.4579493
0.99642897
1.0823295
0.57359517
1.0088763
0.8703276
0.7071495
0.8473732
0.7249911
0.87341106
