1.1020796
0.5630516
0.42733347
1.1450942
0.8847239
0.5202136
0.9677021
1.1141958
0.5882919
0.74096054
0.88728136
0.88296175
0.68081367
0.7562764
0.89433724
0.7006862
0.77515113
0.7727758
0.69805264
0.7114305
0.7069725
0.67654693
0.69589865
0.8557962
0.721429
0.5422395
0.99000204
0.90621966
0.54892075
0.84672904
0.8826325
0.630157
0.6112201
1.1669898
0.763519
0.72007763
0.5600634
1.1766775
0.90583426
0.57476497
0.91745746
0.8261055
0.6206769
0.6443908
0.9272779
0.9087332
0.642048
0.7468463
0.83493686
0.6277398
0.7948718
0.9431413
0.82410693
0.8643117
0.7586831
0.78022766
0.766466
1.1489567
0.64248145
0.7642152
0.8735435
0.7247703
0.7808993
0.68934536
0.714325
0.9188421
0.7654618
0.8080384
0.74170136
0.84535563
0.6397735
0.9861882
0.78639495
0.77631927
0.797722
0.7915778
0.8145622
0.84492445
0.6078968
1.026479
0.7381618
0.6406096
0.69166934
0.9295328
0.99229705
0.7534588
0.7418797
0.7545658
0.84930515
0.630275
0.78228015
0.9098489
0.6867093
0.88861406
0.94314134
0.7552484
0.60437006
1.1038184
0.9607037
0.48993963
0.9464736
0.75036913
1.2474564
0.61825186
0.7276751
1.2830949
0.69563955
0.84171534
1.1798792
0.5763917
