1.5216928
0.73378706
0.46799147
1.7363946
0.6037835
0.5692075
1.38256
0.59222436
0.66871786
1.2476939
0.7862191
0.67901903
1.3546716
0.6302369
0.93447196
0.88593906
0.5093016
1.7626987
0.6634185
0.49534586
1.1776689
1.1774721
0.54128915
1.0887237
1.1360054
0.6453742
0.8142215
0.98927546
0.5813523
1.5257003
0.7389225
0.8071213
0.9793954
0.83188915
0.77847326
1.0630603
0.73684907
1.1522
0.66144615
1.0803694
1.2424333
0.43572083
0.9690343
0.90294087
1.0959576
0.49903843
1.5780473
0.6586716
0.9376695
1.3472394
0.96044147
0.46542323
1.403847
0.96815425
0.8007794
0.9087552
0.65948087
1.2412689
0.7404103
0.6918447
1.4806292
0.6277399
1.3542306
0.77375996
0.6915684
1.3375044
0.70266104
0.87002695
0.85706013
0.7216079
0.973741
0.56095004
1.2774801
0.6644141
0.7923097
1.3405101
0.4541929
1.2855518
0.56611264
1.3458673
0.5112969
1.1142265
0.85779333
0.8963961
1.010012
0.7438601
1.2543783
0.50453913
1.394058
0.60778975
1.1496594
0.8134597
0.7760443
1.0147007
0.963469
0.49631268
1.2105284
0.71954167
0.8752403
1.4894762
0.37721616
1.4265738
1.0662484
0.5413195
1.0623126
0.7039514
0.89016914
1.0773638
0.689281
0.8700134
