2.3734825
0.5577265
1.5196866
0.94759536
1.4866164
0.4417692
1.8428754
0.9946525
1.0345495
0.42830172
1.0538678
3.1650467
0.33529395
1.0018942
1.628232
0.5060723
0.8457916
1.2573326
1.7373797
0.28853253
2.4207025
0.78012735
0.9743588
1.2741745
0.8664657
2.730359
0.4333721
1.6941888
0.27711958
2.9524655
1.5406873
0.319875
3.2017882
0.884714
0.3896768
2.1428826
1.1297078
0.5900341
1.3930396
1.3238621
0.6740373
1.5535071
0.5977437
2.5783992
0.46466595
2.143213
0.85350764
0.9486605
0.869149
1.1191592
1.2411737
0.91557753
0.2790357
3.637714
0.9040842
0.35429928
3.4442723
0.28146997
1.4454747
1.4721586
0.45577866
2.2083929
0.5303649
1.0089322
2.1745815
0.86898065
1.2050364
0.61872137
1.5387934
1.1989038
0.6241014
0.36024016
3.7699862
0.8969061
0.44979244
1.3564953
1.576233
0.5072227
1.8092473
0.73518294
1.0379926
0.9437698
0.8732958
0.6742139
2.888873
0.3035683
2.3121903
1.3112675
0.277426
3.3519955
1.3873425
0.5196233
1.681618
1.2764223
0.3463207
3.0681264
0.8520905
0.78622127
0.5496422
2.2761211
0.7891741
1.4414523
0.6483513
0.8001808
1.4612533
0.97804034
0.32411948
2.5617657
1.1619662
0.5348726
