1.1274037
0.6207631
0.56358933
1.1369222
0.68882275
0.71474975
1.0920007
0.7279613
0.6062358
0.824679
0.7332697
0.9067614
0.783269
0.76941895
0.92129457
0.7136729
0.94107825
0.66743743
1.0677636
0.57318175
0.71295786
0.98689204
0.6320419
0.9161709
0.7372674
0.91505635
0.992161
0.5165718
0.760237
1.0605943
0.70863354
0.6650406
1.0478936
0.6662904
0.7336923
0.817046
0.68287957
0.77799106
0.81396925
0.6102191
0.8723408
1.1432824
0.4793507
1.037358
0.8687633
0.60012484
0.9463645
0.8510365
0.72747296
0.8514538
0.8437089
0.73442173
0.6452376
1.0072882
0.86335766
0.7550132
0.8249284
0.7749959
0.68934506
0.8201333
0.8422197
0.976022
0.64257735
0.8514365
1.0438898
0.62596124
0.7699946
0.82818115
0.8224564
1.0759771
0.5898053
0.7152091
0.93468106
0.5824774
0.7396283
0.8957439
0.7578328
0.7301201
0.906508
0.645072
1.3104141
0.6791848
0.58835816
1.1182117
0.6353942
0.87732106
0.9571957
0.759998
0.54056317
1.1500571
0.62551075
1.0077138
0.528576
1.2902298
0.72100943
0.96852195
0.6681601
1.5147153
0.6770854
0.84714925
0.711789
0.99430436
0.9727829
0.64195895
0.7670299
1.0349653
0.4810383
1.0123875
0.5712389
0.63356245
