1.0727968
0.6876167
1.011178
0.61617506
1.10376
0.68029165
0.83066314
0.7855775
0.73087543
0.90771955
1.181917
0.48920503
1.1699233
0.70042634
0.6252109
1.0170963
0.77495337
0.70383763
0.6621724
0.7307596
0.92139375
0.72172
0.9234811
0.65834403
0.59951293
1.0452349
0.8015616
0.6617594
0.84411436
0.9023421
1.0495725
0.6271818
0.81737983
0.8734044
0.604596
1.017823
0.49239188
0.9393872
0.6721748
0.8061724
1.0464332
0.6230261
0.54693985
1.0918547
0.8720068
0.6050532
0.7392713
1.0690215
0.44033754
1.3085635
0.5770216
0.54233825
1.1131783
0.9402401
0.5696205
0.92795753
0.82082343
0.64360523
0.83184505
0.7651536
0.67449987
0.98113656
0.5980959
0.941796
0.81969917
0.6853112
1.0638841
0.5068211
0.97279376
0.9158019
0.49365076
0.56063914
1.0620506
0.7263864
0.6480874
1.0104792
0.70963675
0.7840787
0.9359651
0.87147033
0.41120386
1.6592298
0.70444715
0.49575043
0.8557732
0.832674
0.94690526
0.54664075
0.591807
0.9436861
0.86435014
0.5704067
0.9323327
0.82579285
0.68924
0.80570596
0.52925444
0.7936102
1.1691252
0.5406801
0.76482505
1.161344
0.6415728
0.69164556
0.806381
1.0377645
0.4769167
1.5933489
0.75807774
0.41469333
