0.8383246
0.814064
0.8814745
0.7658382
0.7225098
1.0948172
0.7089867
0.9837276
0.896366
0.97075665
0.8099531
0.580426
1.8796896
0.48857743
0.77130187
1.1108356
0.5073047
1.1085792
0.9312632
0.46075132
1.4933934
0.8189098
0.5859326
1.2619884
0.7079511
0.6235519
1.1104599
0.67527413
0.7036365
1.5213208
0.6717918
0.73885626
1.2196515
0.76666546
0.7703662
1.2039986
0.3370397
1.7215425
0.6974787
0.63488424
1.1245072
0.8600245
0.5626275
0.66181195
0.97394216
0.64770305
0.7339529
1.0780693
0.581797
1.3294892
0.69138694
0.5554911
1.1437924
0.9712517
0.70655215
0.6384946
1.2298641
0.7747347
0.85951805
0.8782979
0.6598104
1.2140579
0.76691896
0.6656932
0.9538843
0.8954463
0.89664686
1.0580244
0.5590863
1.4351674
0.41530034
1.0828549
0.75848377
0.8755098
0.7288288
0.6752938
0.8843413
0.91968316
0.6170056
0.96904945
0.57110065
1.2015069
0.80693513
0.77122724
1.1820112
0.74706453
0.61296177
1.2289352
0.7677541
0.6743734
1.5641382
0.5205657
0.96596014
0.6908461
0.7068906
0.9193785
0.46471846
1.4648671
0.6621728
1.1329479
0.56145424
0.7862147
1.6101766
0.50518703
0.9425098
0.91421074
0.77415305
0.86176544
0.9608307
0.5295098
