0.84369206
2.6028986
1.1824269
0.65942013
1.9012719
0.5927798
1.0211864
2.8694134
0.5371363
2.4014354
0.6063001
1.4986085
1.507793
0.55941755
3.4340851
0.679801
1.4268436
1.5700953
0.68288136
2.6645246
0.3488114
3.490284
0.59033
1.8412483
0.9017775
0.46136844
2.621762
0.7239423
0.5931035
2.1397195
1.168414
0.39268094
1.7632842
1.462651
0.41916686
0.96527565
0.6092354
1.02092
1.0497364
1.4439709
0.3179433
2.4208317
0.3673975
1.1844456
1.532232
0.7052172
0.698846
2.398667
0.3062516
4.194269
0.43664816
0.6426664
2.08559
0.6651779
0.655836
2.2885191
0.3784939
1.9359548
1.257191
1.1433622
0.9662423
1.2336597
0.71859944
0.73749167
2.1678853
0.87232625
0.61000323
0.98433274
1.5484264
0.4933719
0.70409817
0.7097037
1.3112698
1.524183
0.32122868
3.559042
1.4859939
0.636629
0.6567213
2.14001
0.9621785
0.56895804
1.6018593
1.1072273
0.5953145
2.5065858
0.19935393
5.3565903
0.42553687
2.9118829
1.3009598
0.36060953
4.1871476
1.1425496
0.7310624
1.5952833
0.7455804
1.630659
0.6062763
2.816017
0.7751799
0.80624235
0.6153941
2.0091703
0.47935638
0.59904
1.4937103
0.9755494
0.85739654
0.98090684
