1.5438513
0.98380005
0.75822055
0.7936499
1.7506016
0.5105577
0.8199806
2.0413923
0.41963348
1.5025182
0.75253975
1.4955525
0.3006854
3.734399
0.53911036
0.74465847
1.3645992
0.764033
1.114394
0.7261346
2.3801932
0.27334693
3.3808837
0.9592749
0.3299346
1.7856029
1.2799218
0.513664
0.85011435
2.1390276
0.70314777
1.1616001
0.7295982
0.81250966
1.5591729
0.5579709
1.554157
0.4451694
1.9729931
0.9930162
1.5833354
0.4979336
1.0433413
2.4959111
0.38749358
1.5972724
0.6434254
0.9801725
1.7945976
0.6161814
1.3206012
1.0099812
0.48082316
1.1787133
1.2097282
0.48569894
1.92539
0.47261304
1.6670029
0.7342237
1.4634964
0.6837255
1.4711666
0.6311617
0.74177444
1.7443234
0.6691692
0.7803761
0.58719015
3.4166467
0.37961894
0.39168924
3.9475358
0.709646
0.63133115
1.7755605
1.1938549
0.7119849
1.2036982
1.5376098
0.5113331
0.63369334
2.0042005
0.5811688
0.5470395
1.3473172
0.55963993
1.1431223
1.9641458
0.34211123
2.1122394
0.4571567
1.0290036
1.4405079
0.31443676
1.2608031
1.2299798
0.93225396
0.8187996
0.8821075
2.8622203
0.38146007
1.4161658
0.9090228
1.1972345
0.678751
0.8449191
2.1710062
0.9238682
0.62458116
