1.2229097
0.7398598
0.6031585
0.8880986
0.8131793
0.6404427
0.9782866
0.75445557
0.58738947
1.356616
0.6317234
0.89384174
0.8061913
0.73183525
1.2073975
0.7259934
0.42703062
0.9958463
0.94373727
0.5998013
1.6162171
0.7523561
0.67455333
1.5105135
0.5780687
0.70813143
0.9371873
0.8632791
0.7904389
1.1730171
0.6031164
0.68680143
1.1764338
0.60968304
0.6920453
1.0255303
0.6445049
0.73168933
0.9952314
0.7001636
0.83992696
0.97459733
0.6826974
0.5831335
0.89864737
0.6185568
1.2453783
0.546192
0.5966939
1.5563216
0.5998854
0.3863068
1.1831487
0.8793268
0.7236149
0.7500868
0.888428
0.7280151
0.84318995
0.7658056
0.97425973
0.55158395
0.7515719
0.8698962
0.84261864
0.6079038
0.8151082
0.85270494
0.7561883
1.0927203
0.5844921
1.0834342
0.60714597
1.2282166
0.61900353
0.6336595
1.024249
0.6572572
1.0851446
0.7419033
0.54810166
1.239833
0.63332003
0.53922504
2.1304727
0.6753943
0.45360667
1.0120393
0.90321684
0.7199676
0.7652329
1.0302498
0.6123571
0.79850197
0.76331437
0.7193036
0.59715074
1.005569
0.7394943
0.63561374
1.1636801
0.7068702
0.8025276
0.99380636
0.59709877
0.9510051
0.67175496
1.1148251
0.6468592
0.5127466
