0.9715786
1.0280282
0.5840977
0.58751523
1.4675497
0.6058976
0.88768774
0.7810192
0.9234794
1.0203353
0.64594245
1.0899734
0.831833
0.8551916
0.7665844
0.80744374
0.71410906
1.0453475
0.8838852
0.47924948
1.0019035
0.9180131
0.51915586
1.0905132
0.7728493
0.9325979
0.8774342
0.63857484
0.95555735
0.8868208
1.1057708
0.49438167
1.227022
0.5276017
0.8502044
1.1271985
0.2888098
1.1157355
0.9588679
0.6486197
0.9091751
0.96776325
0.50156265
0.8656014
1.0760865
0.81079876
0.6849686
0.7363643
0.75174844
1.2534707
0.5629863
0.86655974
0.7641265
0.8716387
0.82235765
0.7932179
0.5314996
1.3766084
0.5497545
1.0009654
1.1747626
0.8760129
0.5338706
1.012799
0.67403036
0.61906105
1.1915946
0.553412
1.0896404
0.79278415
0.87079215
0.6268312
0.91462076
0.8753816
0.5851755
0.98092014
0.65318686
1.1586574
0.67342246
1.0128839
0.39511222
1.4712479
0.6196542
0.8990427
1.0208343
0.6079272
0.7225925
1.043041
0.63078165
0.6199095
0.9970306
0.81678545
0.7048781
1.0872464
0.6395422
0.6124116
0.8373302
0.7335011
1.0195315
0.5641775
0.6655865
1.1262106
0.7619237
0.67013645
1.2873861
0.46191126
0.76740557
1.5281132
0.6011108
0.44798127
