0.8950052
1.4767536
0.4581017
1.8789333
0.39016226
1.4577305
0.51842415
2.219468
0.48072612
0.9118749
1.07874
0.84561515
0.90828705
1.2188566
0.569262
1.2985649
0.9224536
0.8633573
0.9381045
0.6154076
1.5061378
0.5083878
1.3928868
0.5873028
1.6013086
0.7146915
1.2056825
0.35791725
1.7200269
0.7691373
0.651928
1.4934485
0.7746692
0.7795783
1.699094
0.65466946
0.9481596
0.97942823
0.7844649
1.0016903
1.1599349
0.6322085
1.8357469
0.5022187
1.5560614
0.7105249
0.71011543
0.9936151
1.063506
1.0235656
1.1905173
0.40177226
2.641499
0.6102217
0.7012675
1.3348516
0.6865505
0.95828557
1.0910097
0.8920528
0.6854599
1.5226662
0.6224946
1.0595632
1.0694295
1.1972151
0.8738556
1.2499231
0.52152896
2.6146877
0.338797
0.7993187
1.4709424
0.4354818
0.78425
1.4474888
0.61818576
0.96859694
1.2177505
0.6381185
0.9535967
1.0056922
0.66567874
1.0952988
0.8388169
0.8119221
1.4731126
0.39196244
1.6072192
0.66690916
1.0551475
0.86876833
0.60425395
0.8116847
0.9479263
0.9093164
0.6023364
1.4683937
0.688714
0.97633094
1.048006
0.6635699
2.354314
0.38645208
1.6732686
0.9615198
0.53797513
1.2849162
0.96049225
0.52692616
