0.86117005
0.8773438
0.4596911
1.0837467
0.79339874
0.5918709
0.9913753
0.8924635
0.55971205
0.8282839
0.8441801
0.9845669
0.7745199
0.8710486
0.8119779
0.748027
0.7728969
0.6850208
0.73221326
0.7821256
1.0318458
0.81226826
0.84275
0.9790337
0.6223644
1.4292417
0.5580022
0.5743716
1.1395606
0.71416825
0.60093594
0.9273751
0.74201334
0.510473
1.2110766
0.9035875
0.45608276
0.86071324
0.79762465
0.65056807
0.976845
0.7389394
0.82570076
0.81327426
0.66208595
0.77653533
0.79175735
0.88878536
0.9291471
0.85252106
0.63838243
0.8964014
0.8207982
0.7275408
0.8346055
0.63921946
0.6569952
1.1736629
0.7702702
0.6884097
0.76849866
1.1328582
0.52697575
0.9190979
0.90004385
0.58691907
0.88975763
1.042162
0.60819376
0.7806703
0.77452433
0.8083556
0.7321335
0.9912533
0.7276286
0.6769718
0.87138754
0.78023785
0.9149542
0.5956676
0.89930576
0.7954383
0.86151886
0.7731147
0.8825767
0.6355745
0.73316944
0.8776667
0.6881025
0.7106197
0.85473454
0.5806109
0.9808825
0.7142583
0.8042966
1.0440831
0.7418331
0.6423835
1.245677
0.60400265
0.5707039
1.0828905
0.8341103
0.5142503
1.0215417
0.81018376
0.6965221
1.0342798
0.65818405
0.74289775
