1.4755089
0.2575425
3.706596
0.5031779
1.054584
2.9654813
0.5397217
2.2077127
1.9029472
0.35518736
2.525535
1.0492418
0.856458
1.076961
0.9956057
1.2992189
0.5802716
1.8953841
1.2129556
0.47923574
3.4494348
0.8439635
1.4838761
0.94777703
0.53429353
0.8823963
2.5878623
0.3395278
0.31596065
7.4199133
0.6141949
0.70776105
3.636053
0.4967323
1.7370125
1.4826076
0.5125578
2.631746
0.36934108
2.7739658
0.572647
1.0249386
1.4673784
0.655697
1.030614
1.0458567
1.3267078
1.4191395
0.5190104
0.93668693
3.8468726
0.23864877
2.1778822
1.720605
0.5891636
1.0952085
1.158224
0.82034826
2.5514553
0.41182256
2.5244741
0.7395369
0.9978112
1.421445
0.26326346
3.9750636
1.2018721
0.26773465
2.2488508
1.782594
1.2621663
0.2519852
3.5592175
1.9057806
0.44315383
1.6654643
2.0839148
0.8065819
0.46586055
2.3437467
1.3126119
0.43206644
0.89814305
2.2787907
0.22473443
2.7400432
1.1259176
0.42558005
2.054171
1.0448785
1.2288421
0.57625675
0.5784328
2.23631
0.424464
1.9190757
1.1891015
0.51462203
2.1552658
0.29133773
3.7842293
2.0792413
0.33668584
3.5331848
1.3510884
0.48117396
2.3087423
1.6460162
0.5965426
0.9886722
