1.1358069
0.6319459
0.63165426
1.0183119
0.81668985
0.500608
0.84841967
1.2540181
0.63281214
0.73399025
0.9204856
0.6928281
0.77929413
0.62157834
1.0018765
0.70135677
0.5787647
0.8681369
0.83417886
0.6865919
0.9928197
0.9269112
0.48139992
0.8883603
0.71813273
0.8109022
0.7468946
0.6697787
0.5981388
1.2191918
0.61067426
0.6780036
1.0633128
0.6160985
0.62806475
1.3976791
0.50944227
0.89859176
0.7885191
0.62091917
1.0339737
0.9078173
0.7210779
0.67968214
0.8926357
0.83726925
0.7943628
0.7802835
0.7307978
0.87252486
0.65230566
0.7731525
0.73924243
0.866406
0.77009106
0.7244222
0.71483254
1.1828321
0.6605463
0.5493269
1.2201476
0.80293393
0.56022435
0.9860095
0.7425108
0.7212346
0.8299655
1.0432994
0.7394516
0.94236493
0.5770531
0.57690287
1.3009663
0.72970957
0.7609459
0.83615243
0.7948068
0.94584405
0.7792324
0.716721
0.7533892
1.104844
0.5922272
0.870631
1.011175
0.61778927
0.86344194
0.6589521
1.1543121
0.66399336
1.0312216
0.75104165
0.55761874
0.95019734
0.72693384
0.91921616
0.7146805
0.6008529
1.0774473
0.8043369
0.4960476
1.1715567
0.7977847
0.52819175
1.4968143
0.5971474
0.5730045
1.2213418
0.71568906
0.6684958
