2.3619792
0.87890273
0.4248602
1.3921509
1.6632473
0.6763749
1.8231549
0.8465654
1.4226134
1.0576466
0.66898847
4.3997116
0.36993927
0.56366
2.3040147
1.0788362
0.27085555
3.3772085
0.6324897
1.1566033
1.1996028
0.82784116
1.751105
0.62348914
1.0558376
0.75828457
1.9632573
0.80044764
0.56700546
2.6808252
1.0965328
0.33086908
2.5949936
1.1352913
0.6589118
2.3268468
0.9099536
0.8947691
1.0541828
1.2689469
1.4612068
0.56593853
2.014591
0.83164644
0.7227211
1.0000943
0.93544066
0.75697386
1.2708037
1.0536025
0.6975086
2.0021882
0.8937107
0.47670484
2.9442918
0.2045576
1.207747
3.1790895
0.9590819
0.96803033
1.4054377
0.68469787
1.5029031
1.1510507
0.60393685
1.2370231
1.065495
0.8818934
0.40087208
5.0182385
0.6510012
0.39632934
3.0820494
1.016398
0.65611255
0.8975909
1.6949465
0.8837887
0.94136024
2.173442
0.7183666
0.66859704
2.0602455
0.7887275
0.6799652
1.8715298
0.6859454
0.8279271
1.9272413
0.94689035
0.704982
1.171682
1.0713656
1.1681242
0.57020235
1.2065468
1.3356423
1.1898036
0.33714977
2.3147635
0.8993758
1.0904746
0.7207881
0.86331534
1.0055959
0.5690201
1.8653079
0.37358376
4.1699038
0.48095816
