2.7043664
0.42821503
1.0611932
1.7403636
0.480771
1.7805467
0.79688966
0.77161455
1.257532
0.422261
1.5317783
0.66128623
1.399405
0.8597519
0.9807754
0.5213998
1.4270668
0.6215812
1.7394754
0.33229953
2.745012
0.46495515
0.97923124
1.9635289
0.2119611
2.2549896
0.999954
0.46408612
0.87911355
1.6862929
0.8379501
0.46234775
3.1717227
0.94092226
0.4169961
2.2997112
0.710298
0.78952193
1.5075753
0.8094609
0.5447328
2.4495647
0.3906782
1.7291713
1.0640073
0.60783756
0.70899975
2.6885948
0.72617674
0.7574521
1.403401
0.9474091
0.7303674
1.3552259
0.6005067
1.1307995
0.85492015
0.6212764
2.2493558
0.835073
0.84607947
1.2998586
0.29574323
2.5141182
0.4464978
1.9178836
0.54520476
1.6575809
0.5428371
1.4629493
0.76620233
0.9266948
1.2743087
1.7555785
0.23744316
3.3056993
0.749774
0.80177706
1.53141
0.51119125
2.5058498
0.5159668
1.4582698
1.3790303
0.35280132
2.5152416
0.7183299
0.8122478
1.9329475
0.6338885
0.84077334
1.7890863
0.5956733
1.3578765
0.9360111
0.407313
2.6580234
0.46188945
0.8998986
1.6798693
0.5069092
1.348399
1.1917071
0.4416776
2.4445639
0.7137843
0.7531408
1.6487007
0.8654728
0.6877943
