1.980592
0.6380048
1.2830713
0.96970296
0.45266014
3.334485
0.4549348
1.3292755
1.567744
0.32369784
1.5331495
0.78328264
0.9247184
1.4376116
0.51393217
1.0200825
1.3039293
0.40094215
2.0084643
0.7551204
0.9428146
1.8451527
0.6369934
2.0372987
0.71214586
0.9153569
1.4724131
0.57034385
0.54683816
2.518949
0.48978248
0.62037086
2.252
0.71414185
0.30695692
3.419179
0.9388626
0.36001235
1.471782
1.5714376
0.6680936
1.1978652
1.0074911
0.5989939
1.6789656
1.0099804
0.4763795
1.7616096
0.6790788
0.8671664
1.136416
0.8150823
1.5331144
0.8134272
0.603757
1.668639
0.44818398
1.9499264
0.6562217
1.2351222
1.0994964
0.7045399
1.2488724
0.40060747
2.4330778
0.5797718
0.6025567
1.8097851
0.622478
1.1596651
0.8953528
0.4050297
3.5281968
0.48789483
0.49473995
2.522594
0.8938037
0.7041869
1.7081528
1.085891
0.5797492
1.197608
1.085122
1.2708397
0.29315817
2.9529445
0.4983689
1.2946572
1.2724407
0.42630154
1.6902434
0.8839055
0.8642969
0.98305154
0.7706716
0.77442724
1.3597796
0.590693
0.78813446
1.201005
1.0105611
0.793904
0.3632632
2.694692
0.74181926
0.5946051
1.7522826
1.056881
0.7796535
1.309835
