1.3148427
0.7342293
0.61860347
0.80391216
1.0613174
0.6838959
1.163776
0.55526465
0.98753023
1.1949468
0.6613927
1.2160876
0.79013145
1.2611177
0.60178983
1.160644
0.58971894
0.9885397
0.82377505
0.5897088
2.2219467
0.592439
0.6240053
1.3135431
0.76044047
0.815491
0.9937785
0.47381264
1.0975764
1.3181944
0.46923345
1.9661986
0.34894872
1.2418233
0.8285381
1.0656828
0.44569755
1.9146688
0.63211036
0.9623023
1.4260086
0.7427841
0.71394193
0.72680795
1.1163234
0.6170088
1.0104024
1.2193336
0.6279692
1.2330873
0.8895276
0.6510047
1.3637697
0.6559163
1.0285426
1.0756567
0.5151158
1.6794802
0.6917353
0.8386425
0.93930244
0.991518
0.6288364
1.4884716
0.4604532
1.636189
0.8751794
0.671682
0.9364988
1.0480809
0.73783183
0.8769187
1.0634155
0.5521146
1.3774271
0.75444186
0.4753962
1.4264617
1.0695744
0.63714194
0.933333
0.6153574
1.1357281
0.87812793
0.62644184
1.2467873
0.7410431
0.79616463
1.191587
0.4289161
1.7067158
0.66151893
0.60741174
0.9531979
0.8048687
0.8155447
0.8838258
1.0545363
1.2858487
0.43287742
1.402009
0.8711049
0.8146877
0.93736565
0.7265247
1.0530612
0.6015475
1.2861537
0.66916585
0.53123915
