2.4262195
2.6343212
2.6365335
2.6771483
2.6026993
1.8768066
1.7758696
2.7615232
1.93695
2.973405
2.179754
1.7006638
1.882483
4.860565
2.9659362
0.9257705
3.6934261
3.4425907
2.1196785
2.2298915
2.7556381
2.2710376
2.1006472
2.3443952
2.8156507
2.0773058
1.9748476
1.65789
2.0723305
2.0707684
1.6368546
2.2431836
2.1838152
2.2685866
1.9503797
2.0209336
2.3392005
2.0350606
1.4191086
1.6986504
2.3065257
1.7223829
1.689687
1.8392376
1.217291
3.438188
1.2090751
1.2628753
1.7785974
2.3287096
1.5891501
1.8608136
1.3684655
2.129593
2.0098946
1.3952315
1.4460397
1.8269546
0.98338723
1.6848849
2.2439036
1.0872897
1.8759179
0.7637557
1.6041988
1.2648168
1.4090439
1.2171845
1.719371
1.617041
0.6173715
2.4688654
1.5223444
1.5666721
0.9267076
1.6244401
1.1096908
0.64348835
1.5932465
1.5467863
0.86913836
2.9431098
1.17134
0.91558075
2.1700938
2.4732337
1.055234
1.78031
2.400843
0.5754928
1.6716524
0.98498994
1.8841913
1.741287
1.3182303
1.1092186
1.7344942
1.0100627
1.8307071
0.69771373
1.4459906
0.61764836
1.6007478
0.8292855
1.2300949
0.80166185
2.7949615
1.1264427
0.54409933
3.0081758
