1.2827268
1.5369424
0.5947372
1.2315942
1.4216456
0.73522425
1.6007214
0.89494216
1.0335466
1.3155524
1.3719172
1.4607075
0.40035415
2.4770024
0.9478583
0.838829
0.46516016
2.498535
0.93246764
0.56455666
3.458898
0.29900467
1.6189396
2.8880448
0.39256406
0.77242243
2.8796186
0.64807475
0.9753902
1.4314195
2.068727
0.9427123
0.27105403
5.047694
1.6914332
0.5673308
1.2097886
1.9063104
0.72695374
1.8307327
1.3298092
0.38656962
1.434396
1.7017398
0.61517763
1.875272
0.589376
0.8994012
1.6523473
0.5597685
1.845011
1.5820966
0.67423606
1.8197725
0.8148898
0.65998137
0.9614027
1.5906999
0.5564345
2.5920804
0.58549887
0.9557854
1.1947573
1.31036
0.36325508
1.7487653
1.6053799
0.4637856
2.9327626
0.91120654
1.109309
0.47915342
1.899131
1.3569583
0.8668238
0.30006915
4.172022
0.56133425
0.45759156
2.3557901
0.76419985
1.1169337
1.4027152
0.71540856
1.0828234
1.1121888
0.62667155
1.1444068
1.771637
0.4413502
1.4192967
1.748631
0.4606831
1.3621691
0.7826607
1.3760825
1.3028607
0.36832017
0.84677243
0.91590023
0.94522035
0.70100963
0.9848653
0.38215286
1.6063564
0.57840335
2.4140732
0.31323075
4.965088
0.8999523
