2.652681
0.84001416
1.100385
1.021868
0.97092193
0.9976779
0.7265151
2.611699
0.6744742
1.1659504
1.1434746
1.1057842
0.94900835
1.2716666
0.8389827
1.2378576
0.55364174
2.6047666
0.64421004
0.7965746
1.6485183
0.9173747
0.98519635
1.1241422
1.2402378
0.7257937
1.4906509
0.74833244
1.0044938
1.2175779
0.71801126
0.99596596
1.3106953
0.82776666
1.278785
1.0354586
0.5997017
1.9876916
0.42504686
2.2173567
1.0073962
0.73314935
1.5278132
0.857146
0.7887981
1.5717531
0.7168963
0.9947387
1.5472332
0.50184023
2.0760674
0.58998096
1.203736
1.3913496
0.49529842
1.5237365
0.45759076
1.5700681
0.9936136
0.4273099
1.4123127
1.566861
0.3871913
1.732435
1.0243572
1.1058652
0.7458645
1.3206161
0.69785875
1.1611875
1.4142504
0.30511984
2.1513677
0.8507263
0.59090585
1.2151444
0.93750536
1.2577432
0.9899961
1.0393106
0.96873474
0.49166855
2.4591408
0.7339498
0.51302934
1.6000596
0.76006514
0.823817
1.4010336
0.6226859
1.0082616
1.486573
0.8722995
0.7035024
1.0458274
1.0816098
0.83272654
0.9997764
1.0219339
1.083585
0.7275126
1.7040291
0.60104626
1.3520461
0.89950264
0.9421045
1.4384991
0.7730704
2.7628155
0.3002264
