1.401712
0.6839818
0.49570048
1.3311338
0.6128999
0.91860807
0.64938796
1.0714227
0.72182286
0.8756259
1.2718413
0.57252324
0.7509829
1.2319621
0.66851884
0.8455584
1.194551
0.4967407
0.80456054
0.81989
0.9529884
0.6424847
0.9173713
0.87734604
0.65547675
1.1484661
0.7576611
0.5704884
1.0396179
0.93577534
0.6802043
0.4703004
1.0656912
0.7800181
0.81634164
0.83463454
0.7146841
1.3784277
0.5561037
0.69656676
1.0501125
0.95875
0.57884717
0.7448481
0.84963095
0.5857833
1.049993
0.80351955
0.54784185
1.0772866
0.84914804
0.44373447
2.3994713
0.7271729
0.40662563
1.1856391
0.79211473
0.61342573
0.7745118
0.9728403
0.7920894
0.6419248
1.0811744
0.82834506
0.68670154
1.0858793
0.6453029
1.0004702
0.9378603
0.8277152
0.69694775
0.5489335
1.4485579
0.68063724
0.66825557
0.8967336
0.57860196
0.96073806
0.7850525
0.6661587
0.8078575
0.97414327
0.7907087
0.6546386
1.500026
0.5079701
0.8581539
0.8381506
0.5874081
0.5959807
1.7323579
0.63518596
0.67224145
0.89235246
0.763309
0.6425164
0.69707084
0.7549591
1.3610651
0.6271023
0.7014692
1.1237165
0.78632545
0.42327678
1.8207725
0.5215231
0.75050974
1.3701297
0.6563989
0.4948939
