2.3072193
0.9547389
0.858546
0.7028292
2.5660365
0.26400575
2.2175236
0.70599926
0.9049842
1.455235
0.76441824
0.46545997
1.8717391
0.8090026
0.7606548
1.2409145
0.5037649
1.7071592
0.68709624
0.8750282
1.202616
1.5391513
0.48056433
1.7819093
0.45913908
0.9960302
1.3327433
0.42522573
1.5636339
0.7731868
1.1523225
0.45036063
1.9524978
0.5920068
0.8767246
1.6879778
0.3826993
1.2197578
1.3129481
0.7119232
1.3535522
0.32794595
2.7077599
0.42658678
1.5873013
0.881829
0.80308974
1.3065469
0.36873657
2.5209446
0.66555655
1.2856389
0.7510222
1.0801501
0.46549392
1.6258187
0.47425598
1.5766541
0.81965894
0.98331237
1.1262784
0.9504415
0.8334538
1.4114146
0.60787976
1.938197
0.86205566
0.73220026
0.9383102
2.0847304
0.25682446
3.516905
0.76529557
0.61357
1.3990222
0.83431506
0.75457656
0.9587062
0.8149203
1.6860952
0.47411874
1.6196725
1.2064146
0.675727
1.1346893
0.8002566
1.3992912
0.5249007
1.8280604
0.6123146
1.1571263
1.6441348
0.5811925
0.94941705
1.1644499
0.59481156
1.6211531
0.8097882
0.65675974
1.7315114
0.77282846
1.0235692
1.036186
1.3740973
0.500142
1.2168627
1.0604929
0.8079074
1.5335807
0.6668345
