1.3287355
2.4000964
1.5076494
1.310728
1.9054927
2.0312858
2.0580065
2.1106026
1.8049031
2.1615937
2.210793
2.1059818
2.2379122
1.9586596
1.8154657
1.5853494
2.254742
1.6831393
1.6798334
1.6745628
2.0169792
1.7851167
1.8963912
2.1662498
1.7344905
1.7140126
1.9080132
1.5492935
1.1792283
1.6394274
1.0471797
2.072524
1.2215285
1.2239174
1.3487968
1.2677915
1.7018626
2.0129495
1.5606459
2.2242475
1.5486465
1.9900541
1.864088
1.3475397
1.7929865
1.3463643
1.3953247
2.0338898
1.7258673
1.5037817
2.3089802
1.9676033
1.7434989
2.147007
1.7897754
2.0016193
1.6219431
2.0921283
1.344295
2.2287135
1.6071656
2.0296812
1.5704277
1.5488188
2.1335475
1.4131348
1.906157
1.832686
1.5404096
2.305667
2.0217247
2.113236
2.0076513
2.0590127
1.7357782
2.3405437
1.7205064
2.4091501
1.7338439
1.4058686
2.9362216
1.3362584
1.7370838
1.8881878
2.0098126
1.8820374
1.4897763
2.4003649
1.856267
2.0035992
2.8498728
1.762586
1.760625
2.0222712
1.9922273
2.4502907
2.5276923
2.667985
2.2062054
3.1159668
2.2190676
2.4065866
2.8577337
1.7525928
2.5665572
2.0046496
1.9142559
2.439575
2.7107882
2.966847
