3.1385865
0.5013046
0.55583614
2.4468775
0.70144624
0.5807767
2.3579934
0.7655393
0.8610967
1.3149402
0.5540515
1.0580795
0.83771867
1.3982887
0.7598796
0.48255515
3.1345582
0.58897156
1.3334553
0.9589041
0.439308
2.7356262
0.5093144
1.1521528
0.843262
0.8352012
1.5544572
0.6025267
0.4529233
2.3861017
0.47218156
1.1111515
0.5847961
2.2465582
0.27295244
2.647394
1.0963274
0.6558007
1.4584234
1.0562034
0.6314173
2.0972624
0.36960292
1.9577619
0.68685764
0.9182034
1.0817264
0.6317452
2.049011
0.4038291
1.375174
1.4742763
0.5733585
1.7517015
0.54280305
0.81604874
1.1961269
0.7560479
0.971413
2.0034785
0.33003914
2.8805552
0.35037124
1.6367769
1.0049925
0.7486974
1.5127203
0.5058153
1.3643653
1.4647508
0.36744678
1.0427687
2.0427241
0.65019333
0.41195735
3.180994
0.61404777
0.9277992
1.6265488
0.82138985
0.97493976
0.586133
1.1549675
1.180341
0.6683369
1.1849014
1.1086755
0.420049
2.3177953
0.3687757
1.7737482
1.0649158
1.3360723
0.44958562
1.8217888
0.8225733
0.81631553
1.2727072
0.5664425
2.3128285
0.49301153
1.1557767
0.55922186
1.9442182
0.61096644
1.4975533
0.40666884
2.5786247
0.81634635
1.0963701
