1.562695
0.99442905
0.44440085
1.7840388
0.89853853
0.7506645
1.4295022
0.5121963
1.882659
0.30260345
1.6866472
0.6908876
0.5675196
2.500157
0.37909988
1.015466
0.8772624
0.95281017
1.3216538
0.43483704
1.5205793
1.3923827
0.4341539
1.442868
1.3462212
0.4104721
2.11719
0.9181435
0.4080466
2.5467958
1.2315736
0.36369658
2.2076476
1.9682858
0.2954789
1.4380381
1.3457079
0.5254827
1.2002413
1.4419217
0.5042908
1.4212842
1.1815256
0.49983484
1.392954
0.7059276
1.4574199
0.6104449
1.2307267
0.8789867
0.864068
0.8074988
1.1177175
0.46709424
2.2976413
0.33258405
2.6176505
0.4006288
1.9743682
0.8496819
0.938218
1.4452252
0.43694672
0.5895533
2.6779792
0.47085816
1.474845
0.71547496
0.7233944
2.032106
0.3933285
1.2930199
1.2123226
1.0044351
0.9064421
1.0005407
1.0723375
0.75524545
1.0327024
1.1398139
0.31681958
2.8846679
0.41264656
1.225941
0.63199246
1.5461891
0.86285007
0.5177312
1.8230228
0.9553732
0.53877956
1.6964154
1.0971756
0.38836828
2.327073
0.8264194
0.8411788
1.5047863
0.50194895
1.6736426
1.3131405
0.36588472
1.6684121
1.1440129
0.63157976
1.3785943
0.7760366
0.91134024
1.5023339
0.29729173
