1.0728741
0.44763026
1.0592341
0.76352537
0.77513355
0.88021106
0.69901836
0.62173915
0.9613786
0.90246415
0.5848079
1.0523179
0.6380031
1.0111487
0.7196253
0.6498746
1.0086094
0.61414754
0.88936555
0.63062596
0.86229044
1.1495296
0.47169596
0.9750372
0.82088226
0.54368716
1.0368859
0.5990272
1.0170555
1.1991544
0.53976417
0.6674925
0.97369176
0.5068164
1.0853245
0.96937037
0.41634822
1.3060311
0.6588998
0.69387937
1.0163827
0.7282343
0.9291551
0.6240096
0.8656132
0.83501536
0.9529419
0.47521088
1.2177943
0.6401313
0.6710755
0.8885967
0.8324389
0.9515767
0.9242096
0.6797724
0.62874174
0.99961495
0.8520156
0.40298802
1.0103958
1.0928057
0.5096032
0.9340136
0.86594105
0.62448287
1.0781425
0.5368652
1.3674173
0.744911
0.71132904
0.6481824
0.82903546
0.92055684
0.52951217
0.8670329
0.64065504
0.7924179
0.9810296
0.66966975
0.7108116
0.96822983
0.7486605
0.70187527
0.9166261
0.6843469
1.010067
0.6023066
0.94481444
0.7505738
0.991508
1.0181006
0.41567245
0.7645948
1.0686507
0.6195648
0.69372785
1.2423606
0.6697956
0.8236345
0.59230614
0.9268238
0.9048585
0.7707162
1.0653132
0.5070826
1.1516316
0.72090614
0.600883
0.619712
