1.1211997
0.72095156
0.6077987
0.8553175
0.9250978
0.5738238
0.8736868
0.7077498
0.9231811
0.8483595
0.8697841
0.6950748
0.8360106
0.87873566
0.6970055
0.7266946
0.6246761
0.92029345
0.8299043
0.5940844
0.8943323
0.9502126
0.71552265
0.87094057
1.0470088
0.45775127
1.5075281
0.61427456
0.5419071
1.5461775
0.6287894
0.57406723
1.0110648
0.6803108
0.79662263
1.0245004
0.46805054
0.9611331
0.7433747
0.6742309
0.960865
0.8184762
0.59581053
0.93546116
0.97585213
0.74495375
0.7373211
0.85697234
0.80408454
0.9317802
0.5241939
0.85277843
1.0198166
0.56696534
0.83308756
0.78412485
0.8025892
0.9030776
0.6928512
0.78161496
1.0159961
0.98002124
0.40048838
1.171566
0.7058208
0.71055025
0.9400059
1.0853475
0.5990969
0.83971
0.80910134
0.87595785
0.6308061
0.84031844
1.0699569
0.6668361
0.56524396
0.93191683
0.74313533
0.83929735
0.6193754
1.3190827
0.5022425
0.89089644
1.0716685
0.53479576
0.93433464
0.75579715
0.7770753
0.7708734
0.9218931
0.44359028
1.1235095
0.82783854
0.65229046
0.8565198
0.6248596
0.6480205
1.1062782
0.71264106
0.58212286
1.0132267
0.80469143
0.46075374
1.0673972
0.7400478
0.5634829
1.3423221
0.64694005
0.69166905
