1.2343239
0.8188435
0.44848686
0.8972117
1.0854299
0.7211346
0.8109541
0.75806516
0.52959883
1.192911
0.80182326
0.6501637
0.86586654
0.65470934
1.1357692
0.5615614
0.95981896
0.8516284
0.829795
0.5835978
0.7759212
0.70666677
0.71564066
0.73200905
0.71316606
1.0474434
0.8386882
0.66204727
0.98866385
0.71810293
0.5922612
0.79578066
0.73224306
0.6361296
0.71402216
1.095421
0.61720467
0.891148
0.85386556
0.86248255
0.68907344
1.0526109
0.8574905
0.61863905
0.7539037
0.75334245
0.96831286
0.742133
0.65221626
1.1373755
0.74168473
0.7009661
0.74783456
0.7475136
1.0168805
0.69836444
0.60454035
1.1422242
0.90938365
0.55797946
1.105732
0.79078126
0.5109859
1.0215243
0.87163997
0.40607068
1.2105911
0.8569234
0.68823946
0.7521511
0.6805218
0.7287374
1.022308
0.6816757
0.81097376
0.9142969
0.66695106
0.8642691
0.9387596
0.7845041
0.65649146
1.031224
0.8115866
0.56068915
0.946829
0.76966506
0.70053303
0.6537464
1.1757064
0.7559335
0.7875988
0.8862161
0.7368695
0.980855
0.68520737
0.6809721
0.74374115
1.031528
0.7852032
0.7115004
1.1307099
0.67529404
1.0406947
0.4876914
0.83992875
0.63993037
0.9303186
0.922264
0.8443027
0.5023239
