3.8633285
1.2719958
0.30696237
1.2918675
1.1082432
0.8019706
0.8523418
1.0413697
0.7380443
1.3928633
1.0410614
0.91094553
1.0094603
1.0707512
1.0429664
0.49773306
1.6316575
0.566281
1.1148108
0.7178056
0.7375667
1.6371299
0.62273437
1.1478679
1.0439954
0.49628454
2.717742
0.6609738
0.5450663
1.634409
1.2257055
0.48155966
1.0634501
1.502776
0.5605911
1.4441574
0.60908186
0.86372
1.492771
0.6389644
1.1253748
1.2873237
0.39326748
1.1226727
1.466406
0.76611924
0.6097187
2.3286004
0.77496886
1.1276636
1.2231776
0.95176435
0.6102379
1.1656451
0.5967328
1.7509458
0.7109724
1.8808746
1.0170974
0.4444992
1.828613
1.2050625
0.6322584
1.230449
0.8829385
1.2820263
0.77665967
1.2477916
1.3064218
0.92626894
0.50826424
1.1866584
1.4050415
0.61721736
0.96856177
2.0188563
0.5722076
1.8609539
0.72374934
0.8362138
0.8460132
1.5390178
0.5411389
1.5890064
0.54982436
1.8968376
0.9737757
0.7888357
1.336916
0.7132942
2.0996637
0.4839698
1.0148879
1.0826995
0.95218754
0.6207625
1.6832278
0.41241693
1.3808416
0.8745745
1.1265317
0.6977207
1.571624
0.58158225
1.4495373
0.7312727
1.0954871
0.92899394
1.9802272
0.31020668
