1.2313619
0.66122067
1.9487656
1.2337006
1.0908959
1.7234412
2.016996
1.0143787
0.73078775
3.3800564
0.9528736
0.4998356
2.4577332
1.0842513
0.9523366
1.112724
1.3639385
0.9613934
1.5440743
1.2350473
0.81739914
2.2085137
0.9546535
1.3622632
2.012241
0.9109723
2.5359972
1.0562217
1.4023634
2.3795848
0.97730994
1.391185
1.0727906
0.8333174
1.2152507
1.7413938
0.8858686
1.2310178
1.0820512
0.8051564
1.4892948
1.1676768
1.0495937
1.1395905
1.0208653
0.89008784
1.246336
1.6441902
1.8764642
1.4852769
0.8618239
1.86248
1.291444
2.1030293
0.8676543
1.06441
2.264913
1.5716157
1.3524283
1.550422
1.4712996
1.6461502
1.4408123
1.7109073
2.1852841
0.8027775
2.5913558
1.5081577
1.1107407
1.7905493
1.925034
0.74816585
1.8651809
1.6987861
1.4676855
2.7197337
0.8892444
2.182166
1.7858453
1.2836816
1.9356136
1.0506371
2.508101
1.490154
1.8205031
1.5977052
2.2591639
1.2088095
2.9978027
0.74991286
1.5713747
2.0575
1.2531383
2.849738
0.4896325
1.861461
0.93600976
0.9835864
2.4373465
1.436429
0.9990614
3.312453
1.0815926
0.7864626
1.5978725
0.6934503
1.6151435
1.151521
1.4728148
1.1356621
