1.2598124
0.8457035
0.56797177
2.148839
0.73619825
0.892257
1.1254508
0.89500713
0.99466413
1.1385406
0.94854176
0.72877103
1.1805019
0.8711708
1.1770222
0.70927095
0.87858045
1.0341014
0.79548913
0.97118556
1.6897641
0.45600376
1.4650519
0.8389426
0.55589926
1.3696346
1.2375741
0.3676567
2.0113487
0.6720829
0.86849034
0.83591664
1.2261958
0.84342
0.7575084
1.834466
0.63900936
1.3105483
0.8220508
1.0138597
0.84558046
1.1733819
0.5416174
2.1749763
0.6695903
0.9252045
1.1087233
0.78157413
1.0412655
0.7284527
2.1066241
0.38625848
1.694473
0.70690453
1.124346
0.7139397
1.2653694
0.48003137
1.6616657
0.6090411
1.6259301
0.86481357
0.6736851
1.900358
0.5398599
2.0998743
0.79241645
0.76828265
0.98020244
1.2242174
0.4411657
1.2304173
0.66625077
1.5025885
0.7795529
1.1026037
1.2742548
0.6419008
1.7718117
0.41162395
1.8389978
0.461501
0.93719506
1.2822999
0.7001539
0.6714717
1.8015863
0.3947141
1.287052
0.8306788
0.969833
1.3265324
0.6012991
1.3677645
0.8398788
0.8557035
1.2448188
0.54837954
1.1983047
1.4609954
0.47468594
2.361709
0.5520192
1.0457404
1.0883996
1.1897659
0.6695266
1.7092642
0.2958163
2.1953032
