1.4824674
0.9776201
1.2756717
0.39441526
3.4911175
0.5144769
0.8011464
2.1001797
0.35425907
1.9466319
0.48852235
1.7662338
0.7410789
0.8058561
2.3907673
0.45622855
1.1623807
1.005169
1.034056
0.87378436
0.5299554
1.9660683
0.38164926
3.1815662
0.5653118
0.5806042
1.2882643
0.8529365
0.38463342
2.517592
0.9617725
0.442993
1.5756979
1.5654237
0.40578675
1.5304965
1.049104
0.5356684
3.1023932
0.70578206
0.9814191
1.2359003
1.3001821
0.48793817
1.3874118
1.8948922
0.5019057
1.8283547
0.6702997
1.0553985
1.087244
1.7451487
0.43274447
1.7969656
0.5248386
1.2537344
0.74192333
1.6801615
0.9423443
0.62618613
1.5468112
0.62095463
1.5782228
0.7557155
0.42603123
3.358324
0.68816507
0.8454018
1.2217956
1.3033915
0.6184736
0.34084794
2.4179537
0.8953447
0.31646872
3.7573044
0.9108943
1.2542937
0.87714005
0.87631404
1.7239792
0.60235
1.0177262
0.91897845
1.2071252
0.5521278
1.8830222
0.29407802
2.921604
1.0013715
0.6983966
1.5636015
0.5316957
0.99910533
1.6758893
0.28085363
1.6513865
1.5940061
0.23912597
3.3873165
0.84416497
0.6873262
0.8766841
1.4845405
0.4615355
2.207091
0.41377997
1.7231611
1.0140004
0.6683893
