1.5545446
0.6020426
0.9068836
1.6338251
0.507986
1.0410163
1.1887305
0.60842675
1.8800106
0.73515403
0.7494936
1.4568547
0.56005913
1.4319351
1.0134375
0.84815633
1.1624296
1.1914197
0.6535356
1.0407051
1.581883
0.7061326
0.68638194
1.9524279
0.3492106
2.2738812
0.6613506
1.0797832
0.64123416
1.5014155
0.79876435
0.5747082
1.1548839
0.6047723
1.0385003
1.2146225
0.6410279
1.0633371
0.90498525
0.8694123
1.0057341
1.0524355
0.38217288
1.5606552
0.77629006
0.9467227
0.8292612
1.1234928
0.68521136
1.2886219
0.85908896
0.63888717
1.0791805
1.1747756
0.47611764
1.098832
1.4198984
0.44562197
1.8000853
0.47786197
1.593701
1.0911522
0.59094715
1.310636
0.6295104
1.1092749
1.032816
0.9070709
0.826715
1.3989466
0.4958542
0.7726636
1.9288275
0.5305702
1.2232692
1.0059509
0.555522
1.2671299
1.025578
0.8802562
0.70856524
0.8710251
1.7758255
0.41812664
1.5952392
0.62067413
1.2695913
0.70045066
0.9817748
0.98054904
0.6410731
1.8440646
0.59465694
1.0333865
0.7500284
0.9852209
0.7388804
1.3977635
0.48614243
1.8679891
0.494482
1.1974213
1.084307
0.5552805
1.5070281
0.65935403
1.1181587
1.4123608
0.8173164
0.6413903
