3.1180139
0.7349129
0.75829947
2.4370203
0.7247872
0.64446616
1.1985601
1.9406519
0.48603135
1.1426895
0.977459
1.2094998
0.75012004
1.0895864
0.7962287
0.9582889
0.57069576
2.5535467
0.33209395
4.2245507
0.93623966
0.4262841
2.7713032
0.38728726
0.9893949
1.3040438
0.4879912
1.7131723
0.30243614
1.1322272
1.8628275
0.30730796
2.100676
1.119808
0.4638666
2.3049922
0.8911358
0.6284206
1.9515789
1.07936
0.89594495
0.8064736
1.1278172
0.600683
1.4664936
0.6913827
0.9467954
2.4292822
0.3477915
1.4725946
1.5575926
0.5680951
1.0253942
0.94201034
0.7518035
1.3392911
0.40063208
3.9907768
0.5628432
0.6455648
1.5852981
0.86461294
0.64280975
1.0480353
0.8486895
1.3505111
0.5032422
1.467478
0.7200979
0.7433977
2.4627495
0.33763534
1.9577527
1.5150005
0.5547951
1.3878894
1.452562
0.68891186
0.9407581
1.1846982
0.63922673
0.74533653
1.6103542
0.903952
0.9278352
0.552313
1.3846755
0.8839551
0.55290556
1.5102156
0.57978714
1.3968065
0.9025708
0.30489624
4.0345497
0.36543715
1.8045886
0.8000332
0.758703
1.6072631
1.238573
0.71126986
0.8045789
0.869387
0.89116174
0.9437833
1.4665062
0.62106574
1.0724356
0.93487316
