1.422251
0.6564107
0.62657946
1.3181875
0.7894408
0.9509623
0.98573405
0.64702415
0.8844313
0.9697444
0.9714694
1.2774727
0.6797993
1.336904
0.9963841
0.7246469
1.1882416
0.6120389
0.93311596
0.90229523
1.2581674
0.7262014
0.72171736
1.3572774
0.6616987
0.95834446
0.94741327
0.8620393
0.6974917
1.0455313
0.64567614
0.7420453
0.98105806
0.6083995
0.8259443
1.0391245
0.6352334
1.0530899
0.74148047
0.9174105
1.1694012
1.0122664
0.7146768
0.8055146
1.1066049
0.5556803
1.0254018
1.2632306
0.60010105
1.2579923
0.7122967
0.8133974
0.7252156
0.91407776
1.093249
0.71195185
0.70694184
1.0491058
0.7790004
0.7001898
0.7215726
0.87744415
0.974965
0.8305257
0.820088
0.94284606
0.8281058
1.0288811
0.8127099
0.6465894
1.2078118
0.6735947
0.91362584
0.8896381
0.81333965
1.080771
0.81516385
0.7680358
1.4123499
0.57818377
0.6800547
1.2469604
0.82728124
0.6774479
1.0670522
0.8385122
0.71671236
0.69322157
1.3261931
0.63042986
0.6976838
1.326436
0.72296035
0.9969876
1.2810817
0.5060908
0.82668495
0.8507088
0.7641264
0.9776063
0.89576316
0.7832977
1.7296853
0.87599856
0.7940155
0.7666799
1.4541171
0.87721074
0.82474434
1.0672572
