0.87834585
1.2113776
0.37211105
3.0351043
0.34943166
1.4517539
0.9763893
0.8224645
1.2961335
0.6234989
1.464474
0.60042816
0.784353
1.4035656
0.49803835
1.2005571
0.69996905
1.2236648
0.8191922
0.9901181
1.1536274
0.7449053
1.4017383
0.9963671
0.83434445
1.3707062
0.82097757
0.9477022
0.48659846
2.9042592
0.47516215
1.1498829
1.9772837
0.46663615
0.9934698
2.0049927
0.4304729
1.4214717
1.5373366
0.5623785
1.2102883
0.7824875
0.8575108
1.3675411
0.79792297
0.965973
0.79805154
1.1565908
1.0079498
0.8877208
1.0140086
1.2223179
0.67618406
0.8938112
1.4888363
0.36754686
3.6783376
0.4627657
1.0479531
1.332088
0.66375804
1.2206764
0.76578116
1.0718527
0.7310165
1.2713805
0.53445864
1.5026135
0.5082848
2.808629
0.37482417
0.7936274
1.8686035
0.5544221
1.1282856
1.0143695
1.0549405
1.0393562
0.6974011
2.3991456
0.43623206
0.9442252
0.9733218
0.92451835
0.67457813
1.6438928
0.4896546
1.408236
1.1909349
0.41771454
2.5236115
0.7604362
0.79612887
0.81804705
1.5940194
0.45919973
1.4794726
0.75304806
0.73984414
1.5819163
0.77136815
0.6876329
1.7200394
0.56273454
1.3715571
0.6932862
0.9226292
1.316411
0.81835353
0.7076014
