0.9807841
0.640246
0.62836653
1.3533733
0.70475805
0.5722252
0.975742
0.6921222
0.8578402
0.7245892
1.0809066
0.71656346
0.545203
1.0649984
0.8103616
0.66434336
0.79933804
0.707656
0.5448353
1.2112715
0.702973
0.68225783
1.0371833
0.8411862
0.48129797
0.868892
0.9860028
0.5572101
0.9410203
0.8687829
0.66522545
0.84831357
0.8926547
0.41326052
1.3999765
0.84612125
0.37781945
1.1029834
0.78485876
0.6305058
1.1769582
0.7383052
0.55186105
0.80462813
0.7905894
0.9083016
0.59338886
0.84089357
0.84790397
0.82433397
0.78773177
0.7138735
1.243899
0.5320544
0.5901047
1.5126421
0.59311765
0.61168945
1.1767838
0.68985325
0.7447767
0.7872582
0.8324603
0.895445
0.9446756
0.8208579
0.78677106
0.76162875
0.8845263
0.73816633
0.9717524
0.5345089
1.2629507
0.75255954
0.49731144
1.0276423
0.71857655
0.9846715
0.8326278
0.7518662
0.5400051
1.4343802
0.6005807
0.5370597
1.3721219
0.698711
0.73921
0.7656189
0.938541
0.5437362
1.1191643
0.6835966
0.5951459
0.8791559
0.98437285
0.7299147
0.71371615
0.93104726
0.976408
0.7745999
0.8189211
0.86999667
0.9660883
0.6829828
0.96457887
0.86323655
0.60025406
0.9078928
0.8549777
0.537941
