1.2480135
0.55307394
1.4144818
0.9056393
1.5059867
0.9653959
0.6117555
1.7788955
0.9429345
1.3728004
1.1330783
0.70754945
2.1411853
0.8507971
0.58640176
1.4432502
0.6393447
1.1813132
1.2542478
0.52288413
1.5446253
0.6870981
0.9656911
1.1632204
0.6095235
0.9313152
1.0245134
0.7836919
1.025209
0.97199285
0.75311685
0.9806266
0.8976874
0.54903305
1.0441313
1.3562008
0.46752194
1.7645361
1.1012571
0.7476073
1.1493967
1.3048205
0.40294012
1.406763
1.0548098
0.47887808
1.8130677
0.79978675
0.71845365
1.3571217
1.0147946
0.5615185
1.7340509
1.1890554
0.7262051
1.1400838
1.0479157
1.0090209
0.9490424
0.7698159
1.3156557
0.9027033
0.9029886
0.9875313
0.83317924
0.95638955
0.9844164
0.93176097
1.4212648
0.70193934
0.85404223
1.0916321
0.9430099
1.204946
0.7744983
1.4412384
0.7715949
0.8893712
1.4039758
0.7164511
1.3849645
1.1463145
0.65882784
1.0044338
1.3517194
0.66920567
1.05295
1.1827142
0.56783456
1.0165666
1.1746225
0.82293695
0.57859826
1.3456327
0.9023708
1.3883073
0.65587646
1.2145493
1.1623908
1.1921234
0.89374804
0.8212996
1.2040863
1.0142121
0.6810896
1.0756924
1.0510073
0.56823367
0.75767875
0.69005615
