1.6574488
1.2881892
0.7181332
1.3820114
1.3826104
0.9172361
3.176413
0.95560706
1.6461886
1.8461882
0.69243777
2.687825
1.1858149
0.7989925
2.2828498
1.1794393
0.8312967
1.9104471
1.3989295
1.2627733
1.3942153
1.7876765
1.0485796
1.6708689
1.3379081
1.9253597
1.3217986
1.3139268
1.2410226
1.5769482
1.4746367
1.5965416
1.2444803
1.3692021
2.3744094
0.820176
0.956657
1.8885767
1.2342739
1.0230623
1.6363428
1.7574414
0.964036
1.6229646
0.9351611
1.3741596
1.1454276
1.1783895
1.7078424
1.3038609
1.6846833
1.574751
1.6128336
1.5888324
1.1766579
1.3876671
1.3512039
1.8842044
1.3623238
0.97194076
2.7229695
0.986631
1.3147326
1.3587699
1.008555
1.502651
1.2678037
1.128502
1.5184783
1.1852098
2.488379
1.1508085
2.8891861
0.82124984
1.6265258
1.4254398
1.5522202
1.5569584
1.3932899
0.5864784
2.4187112
0.9053391
0.8246
2.1140037
1.1813812
0.75341225
1.4760762
0.8766004
1.2129418
1.4090277
1.1665001
1.0797068
1.27746
1.6119921
0.9633297
1.8225435
0.8414335
0.9255047
1.9855762
0.834625
1.1886609
1.8433051
1.0451697
0.8533529
1.8570635
0.98824596
0.7638598
1.3057711
1.0774744
1.7665073
