0.31631705
3.7465253
0.3985609
1.8612769
0.80871826
1.0056424
1.7201806
0.47414503
2.266598
0.59380805
0.79147005
1.8286331
0.90719014
0.5586709
2.366922
0.5443732
2.1967769
1.1942903
0.37698245
2.059874
1.1581507
0.970253
0.9442922
2.0031574
0.5657385
1.3720646
1.5507764
1.0090744
0.5973087
3.656855
1.4677914
0.21260998
6.0475006
0.6712376
1.726784
0.40519375
2.6067343
0.51029503
1.1667097
1.0090612
2.0409913
0.28359336
1.6749519
1.7022127
0.87503207
0.6782569
2.5315218
0.6357045
0.96107423
0.9405391
1.0190876
1.5713575
0.64504695
0.57490087
4.593889
0.31207222
3.751358
0.47381246
1.0831757
3.1268325
0.59324026
1.5739431
1.7310389
0.50546086
1.998232
1.7845578
0.42937034
2.0953636
0.3490268
3.5941937
1.4812834
0.294858
2.6314092
1.7485431
0.7427987
0.8575988
2.4866138
1.1112802
0.49404234
2.6475697
2.0350525
0.22388716
2.5219727
2.060765
0.497529
0.71177065
1.1433682
0.5663548
1.130443
1.0697066
1.598183
0.50103486
1.644782
0.63237774
1.0178971
1.0911732
1.1652422
1.1432881
0.41534102
2.3389337
0.56939846
1.9212544
1.0885873
0.3794437
2.1080256
1.4466748
0.30388933
3.732235
1.295304
0.5044077
