0.4276626
2.9955773
0.8832849
0.76522017
2.2002342
0.98147935
1.0070871
1.8555644
1.1007085
0.62463903
0.9696517
1.0704329
1.4310169
0.37920728
1.3572948
0.82040083
0.47473264
3.3842893
0.49825776
1.3193264
2.3909345
1.0258648
0.6364665
1.594578
1.2593865
0.2458519
5.8745985
1.2256935
0.23190637
4.761568
2.5064294
0.26735902
3.3501203
1.0803189
0.8900833
1.2782705
0.7041291
1.2760298
0.82954776
1.5685782
1.4143927
0.5357896
0.8028053
1.8451338
0.9669243
0.8782991
1.6800789
1.2906392
0.67349267
1.883846
0.83930194
0.95313346
1.9302607
0.5108083
1.8800297
0.7447338
0.34553915
3.621222
0.69987154
0.4015677
1.817033
1.1246564
0.49378714
0.87894744
1.7287033
1.1068115
0.9659952
0.56791466
1.2176023
1.736347
1.3381939
0.44855183
2.2974536
2.1073
0.52790326
1.5318625
1.5569462
1.4564259
0.41931546
2.3066034
1.4031647
0.34568343
1.49561
1.491256
0.36343843
1.8794639
0.54282874
1.3545337
0.8143711
1.4901335
1.2280722
0.76412934
0.97251
0.6389756
0.8684261
1.2312524
1.3933036
0.2708348
3.7708004
0.22222203
4.749212
1.5888095
0.5995227
1.358301
1.2817407
1.0960455
2.1211574
0.91509914
0.8412887
0.9403229
