0.84575176
0.7914604
0.63230926
1.1517731
0.9304338
0.5087537
0.9791026
0.90477896
0.6271901
1.5171244
0.8748112
0.54313904
0.70972174
0.9692698
0.8031584
0.731029
1.0250908
0.67129314
0.56196606
0.7688818
0.89626116
0.7969475
0.6407764
0.67513734
1.3707235
0.70023
0.93577886
0.8602141
0.66104674
1.0296035
0.8937956
0.85779417
0.77631927
0.80578065
0.9397731
0.83597517
0.6966024
0.9301506
0.73648024
0.9307241
0.78500605
0.930454
0.695898
0.66628015
1.0557575
0.8260957
0.5418693
1.3541313
0.72716653
0.81062114
0.81854403
0.77705693
0.80246913
0.8910893
0.8393111
0.7690785
0.6831106
0.56654024
0.9992706
0.80949676
0.755836
1.0969626
0.67455244
0.76293355
1.1581428
0.6929214
0.85762846
0.83216286
0.9879949
0.664955
0.90130395
0.91236055
0.5821005
0.7767591
0.84392774
0.6563387
0.8026528
0.8021952
0.94381934
0.9937469
0.75396776
0.84079695
1.0278265
0.62437147
0.821385
0.8533841
0.71786547
0.8752424
1.1579471
0.6109194
1.0442574
0.9953457
0.625255
0.67682326
0.9625783
0.7075483
0.75639826
1.0782601
0.8752927
0.7428832
0.8276694
0.73247725
1.2373343
0.42672986
0.91793394
0.85062003
0.80632025
0.7721728
0.9640757
0.5280423
