0.98669434
0.87711465
0.4873254
1.0967698
1.0018845
0.64032066
0.7573186
1.0492735
0.73885524
0.77277344
0.92766017
0.5893135
0.8560247
0.8564544
0.7426863
0.82704353
0.6635224
0.96367013
0.8058754
0.48977897
1.3468142
0.82094705
0.7054308
0.64025754
1.1683447
0.6914295
0.9677794
0.734324
0.51352346
1.098864
0.9776482
0.74003875
0.80337805
0.7306085
1.0105517
0.8116519
0.4684084
1.0856884
0.82077396
0.71172214
0.8884616
0.7376261
0.89190865
0.85731804
0.74095255
0.70616627
0.73654044
0.80663216
0.51968896
0.79085004
0.94344616
0.63933
0.7346947
0.92875564
0.84431016
0.5807699
0.7447368
0.86224115
0.89093924
0.9192991
0.9658792
0.60771817
0.57008445
1.0824357
0.8048265
0.61253035
1.0480559
0.85279703
0.9748394
0.81016386
0.4957285
0.6925807
0.89249945
0.8596081
0.74919367
0.93189347
0.8391098
0.8502532
0.8018274
0.71901286
0.8450217
0.7336571
0.7952288
0.7222726
1.1966578
0.6062882
0.75502515
0.9116522
0.9910583
0.6349516
1.1883906
0.53891784
1.2938693
0.8981742
0.61807704
1.0444828
0.654443
0.84782267
1.236328
0.46664706
0.88650155
1.0675868
0.7974598
0.63017255
1.4963012
0.6571286
0.6006183
1.542857
0.6594981
0.4897729
