0.67233866
0.9188977
1.679723
0.39974904
2.7752311
0.80710065
0.67325854
2.102972
0.53874713
1.1001204
1.1703217
0.73522615
0.69807386
2.0028455
0.8065493
0.60417986
0.9086195
1.0154667
0.58887786
2.266768
0.5380241
0.67903364
1.1558332
0.53844607
1.4542346
0.7988792
1.2599205
0.72497034
1.5769911
1.3035339
0.57028717
0.89081955
1.5331991
0.52023995
1.4792957
0.8633853
0.540194
1.7750626
1.0099638
0.60076725
2.3283067
0.22197407
2.6924124
0.4925582
1.0617907
0.8804094
0.86537904
1.3572785
0.6170316
1.6357412
0.3987664
1.4323838
0.64152664
1.1668091
0.7553123
1.0402359
0.93067294
0.7381151
1.9711082
0.48698133
2.020721
0.80303144
0.6743576
1.7027589
0.4834574
2.0698767
0.6213436
0.89885736
1.0201498
1.4851509
0.5866986
0.61564636
2.9048078
0.3044792
2.1057973
0.7758428
1.2795213
1.252235
0.5055487
2.6889706
0.48644954
0.51635146
1.8864202
1.0200586
0.34179077
2.2479591
0.716483
0.70500875
2.0581236
0.48292705
1.8280051
0.7941916
1.1793368
0.62288564
1.5784956
0.6911659
1.2925034
1.3036562
0.37068918
2.4438515
0.8171289
0.81781995
1.0417247
0.9989593
0.79115987
0.8347336
1.2336304
0.7645942
1.0683572
0.39030766
