1.2000244
0.54302883
0.8838248
0.7064698
1.31293
0.53406084
0.9488101
0.8585553
0.5516572
0.80614567
1.3500637
0.45448294
1.320913
0.74127334
0.5769441
1.0596963
0.71308434
0.7727856
1.0834485
0.64028347
1.2596618
0.4424786
0.8697978
1.1952622
0.5416268
0.9389769
0.7566271
0.85225683
0.50805914
1.3280263
0.7603874
0.5417044
1.4423475
0.7892345
0.75666356
1.1850884
0.34477556
1.04034
0.87234473
0.67848533
1.1702714
0.9671501
0.5627685
1.2944462
0.7293941
0.5594716
1.2205288
0.61352646
0.7135316
0.977597
0.97741216
0.7178386
0.7117815
1.0710856
0.6595271
1.1631572
0.53973913
0.9168741
0.91069806
0.66852725
0.728988
1.4615585
0.5176205
0.8081437
1.0025676
0.69996744
0.98161936
0.67499214
0.7224965
1.7326688
0.4872737
0.6217939
1.031226
0.91867995
0.5360065
1.3744903
0.6065869
0.9948926
0.97300756
0.7369486
0.5739069
1.2599959
0.7511451
0.7208342
0.8036598
0.91721904
0.6826748
0.75445265
0.84372014
0.41674018
2.1397614
0.6760845
0.38936928
1.5013793
0.79912096
0.5842712
0.78916097
0.83464813
0.7335796
0.91137576
0.8532525
1.0159593
0.7951702
0.9305866
0.9607904
0.6107123
0.6293647
1.2619178
0.51653504
0.6386136
