1.0198374
0.7402446
0.7577903
0.5907416
0.85104525
0.90615296
0.9286982
0.9235134
0.60008174
1.0718111
0.84965396
0.82076645
0.7292354
0.8137939
0.9334501
1.0035257
0.83196545
0.7804124
0.81298685
0.7221099
0.910963
0.939652
0.66862655
1.2368355
0.66060734
0.6404445
0.9583696
0.559532
1.1289679
0.76179355
0.94560266
0.77363527
0.9464259
0.6149576
1.1454349
0.85601413
0.51374626
1.2349356
0.9640459
0.55316776
1.1293929
0.89712715
0.85819185
0.92683244
0.85119045
0.93199635
0.98914045
0.41977963
1.3696867
0.7957679
0.75015813
0.9709315
0.74324274
0.89400977
0.83991563
0.5522896
0.8062928
1.2069939
0.6382022
0.8247148
0.97088045
0.7810285
0.98755354
0.89063054
1.1893905
0.55938315
0.9460015
1.0887856
0.5971652
1.0320822
0.5919596
0.9016752
0.8015181
0.9152797
0.7624392
0.8391661
0.67032087
0.7236184
1.1056534
0.75242937
0.75562793
0.83895457
0.5087999
0.95723325
1.0847142
0.5153197
0.916022
0.72083485
0.65045893
1.0531015
0.5652522
1.2141377
0.54409117
1.1035078
0.8974958
0.5673034
1.1686357
0.7815466
1.0316865
0.7379067
0.9032366
1.3348581
0.466276
0.82144153
1.2007475
0.7575015
0.76777405
1.2069079
0.5930749
1.0590292
