1.3167158
0.7068044
0.6569395
0.9775063
0.62665653
0.91514075
1.2113066
0.77883434
0.9615277
0.9766503
0.646845
1.0133853
0.96067023
0.7111757
1.0910285
0.78028125
0.74398917
0.56238794
0.62656015
1.2683189
0.9533775
0.7124233
1.1377091
0.74466604
0.98981106
0.67998743
0.7978554
1.0650438
0.64223343
1.0929974
0.87256384
0.72602034
0.83307654
1.0672139
0.70452386
0.880944
0.5941917
0.9912235
0.8877274
0.7473903
0.7537106
1.1398506
0.8367765
0.8118421
0.88343394
0.9063698
1.0968475
0.8098457
0.7098871
0.72271246
0.90212303
1.0137135
0.75190413
0.89693934
0.9463135
0.8505471
0.5881242
1.027328
0.6932181
1.0775354
0.7044585
0.9007189
0.78199893
0.876156
0.8817641
0.8523761
0.7930637
0.66605973
0.86012673
0.8452151
0.57060665
0.7808728
0.86774373
0.7957938
0.8352957
0.8578917
0.83050936
0.6788659
0.94633895
0.810952
0.616525
0.80094075
1.0920942
0.7090836
0.6296449
0.9356206
1.0864269
0.57225454
0.86207956
1.0593175
0.7602292
0.68262464
0.99509966
1.0027668
0.5848395
0.87098026
0.6774818
0.75926495
1.0645486
0.6944283
0.7490244
0.8310455
0.9695102
0.7243222
1.0207638
0.85460186
0.739835
1.0758444
0.8935211
0.56166816
