1.1262771
0.6679229
1.692198
0.55469584
1.9184003
0.545644
2.2925255
0.79211974
0.7602312
1.2498289
1.0521942
1.0767632
0.8944521
0.5949865
1.2736857
1.1264393
0.47752476
1.2716379
1.081248
0.57976055
1.4337946
0.78649116
0.87333965
1.0310498
0.7608464
1.5718553
1.0689453
0.29084682
3.062273
0.8191915
0.64323616
1.3616623
0.6448747
0.90907073
1.0313592
0.9852642
0.42341745
2.2974572
0.63107616
0.8325697
1.8548665
0.53794837
1.2828499
0.7995609
1.0269859
0.84324515
1.3073955
0.46151125
1.9749022
0.7676103
0.5944994
1.9413996
0.7552708
1.059063
1.4524314
0.6068966
1.1083443
1.2852044
0.9677941
0.5447154
2.3499627
0.59952414
0.91761595
1.2358272
0.7791842
1.1027379
0.77970374
2.2819674
0.32014465
1.5653057
0.88634247
0.41796434
2.1097195
0.73358333
0.7356111
1.6325655
0.633474
1.1802093
1.2626833
0.7487267
1.0844629
0.9699336
1.0221754
0.7672148
1.4269004
0.41055882
1.5978694
0.7680129
0.94422936
0.85274005
1.2613784
1.0475074
0.6877611
1.2487667
1.0275854
0.73750883
1.7564764
0.5130014
1.4802296
0.71404576
1.922371
0.58916235
1.2625117
1.8554182
0.41694567
2.0142527
0.5839779
1.1137662
1.116415
0.5004539
