1.1628528
1.1366409
1.079811
0.62936276
2.5452714
0.60508347
0.98720515
1.05864
0.9016052
1.0858322
0.942314
0.8576236
1.00865
1.3500874
0.5644051
1.7366652
0.51527405
1.7262802
0.9306588
0.7588658
1.4154547
0.81119156
0.79478896
1.3628006
0.4598385
2.896309
0.4645529
1.8286269
0.64102274
0.9376966
1.3044741
0.666353
1.5540012
1.2465377
0.36874983
1.8512982
0.8115581
0.5833513
1.6520036
0.48106292
1.7564803
0.87551886
0.5336312
0.9887922
1.1718999
0.98437965
0.9544234
0.616717
2.3362212
0.37804973
1.8095571
0.8004053
0.5800719
1.850012
0.4739631
1.5570483
0.7295692
0.9272893
1.430125
0.7349907
1.2357409
1.2519836
0.4584028
2.1478148
0.36133784
1.9823321
0.5766238
1.6165787
0.71716344
1.2367519
0.8895019
0.8630304
0.9516536
1.272244
0.8542552
1.1022629
1.080385
0.87762845
1.066514
1.1375854
1.0129062
0.69205403
1.404361
0.555545
2.6087937
0.43265218
1.8711827
0.47038606
1.5178939
0.5644965
0.9122938
1.733475
0.4506417
1.4700496
0.54683274
1.666533
1.0579481
0.65006804
1.259553
0.5518078
3.4690318
0.2942107
1.4029713
1.5359126
0.4056561
1.0669644
0.92360234
0.62999856
1.5738748
0.5521641
