1.2634139
0.7210944
0.8872784
0.49347597
3.458319
0.20845611
2.5052025
0.91558397
0.5017588
1.3945645
0.7445335
1.3316412
0.45808995
1.6832381
1.3924172
0.46818733
1.5798533
1.1044263
0.9241966
0.62062514
1.4090171
0.48795488
2.4564466
0.33295813
1.4003171
0.49413726
1.5000119
1.1950345
0.1985694
3.7139263
1.0360957
0.4139546
2.0120873
0.8765446
0.62128574
1.3672428
1.1329396
0.32882398
2.3185697
1.0931025
0.6758685
1.1197883
0.66173893
2.6197863
0.29854447
3.0908482
0.84022963
0.7760367
0.98881793
0.4870175
2.1393838
0.31792694
1.9891298
0.81354046
1.1272576
0.6503843
0.8337865
0.915032
2.3138478
0.6882615
1.0775024
1.7981346
0.39830467
2.4256234
0.3111413
1.7478201
1.6934187
0.32988703
2.376818
1.5767289
0.36817586
1.421309
0.39355075
3.2740183
0.30943012
1.5735955
1.4445705
0.35758775
2.443108
1.1026746
0.45936006
0.83730537
1.5464118
0.31678468
3.296032
0.4824452
1.4461765
0.7957293
1.7216692
1.3591945
0.55701876
1.6120193
0.9016174
0.47899508
1.6004953
0.8343943
1.1560526
1.1055603
0.9010669
0.54145455
2.3381503
0.6580302
1.1523715
0.5250721
2.1874728
0.4516925
1.1453152
1.4256973
0.7001808
0.6552708
