0.9681121
0.57206506
0.7792829
0.8691505
0.5579822
1.1096516
0.6374054
1.1657941
0.66559535
0.625778
1.00158
1.0783768
0.5661683
1.1221654
0.8395518
0.40198553
1.9165354
0.8139761
0.44202036
1.1022006
0.7414469
0.653661
0.69495624
0.8974514
0.6857772
0.706728
1.2095792
0.5156185
0.7510843
1.312137
0.5257094
0.8190944
0.9140226
0.58047837
0.99828553
1.292052
0.40384507
0.98522323
0.7514337
0.8529403
0.80860984
0.9565903
0.67420036
0.601644
1.0374744
0.64514744
1.0331391
0.55550003
0.83542055
0.86563003
0.7057673
0.6162343
1.4866247
0.54649544
0.902218
0.8033836
0.7223451
0.9761863
0.8505109
0.5105704
1.0124322
0.584735
1.0225444
0.67473984
0.74045706
1.1001923
0.5255705
1.1928627
0.6699381
1.0487561
0.6625409
0.4945653
0.9378532
0.9004669
0.53685606
0.8392133
0.880912
0.9302487
0.652689
0.97197115
0.7538942
1.179779
0.6778314
0.71410197
1.3559519
0.5666207
0.6009823
1.229008
0.63661474
0.65415967
1.7460027
0.7209657
0.49637485
0.88409734
0.95526785
0.6012031
0.5499797
1.5273137
0.64218867
1.1890724
0.56270003
1.0281028
0.70507425
0.69640267
0.95251393
0.6042076
1.0545154
0.6786159
0.74165034
0.6758529
