3.1611044
2.3254352
1.863964
0.57764065
6.339704
4.9478893
1.7576058
1.3505423
1.0191395
3.9928188
3.8898058
2.54747
1.8971204
0.79441696
1.3624598
1.465094
1.5264966
1.6202368
1.9879549
2.2133095
1.9453611
1.0129889
1.2159518
2.0643053
1.8482957
1.3441567
2.300582
1.0187781
1.0739477
3.4156406
3.2749982
0.9265473
2.381061
2.4019537
1.6465899
1.3908575
1.5511172
1.815547
1.1001863
1.3887713
1.3274927
1.4413317
1.9165684
1.1771014
1.5688112
0.6622471
6.201235
0.49221343
1.715761
2.4743052
1.6678243
1.1929681
1.1986299
1.4728371
1.5896928
1.5087402
0.7607523
6.632285
2.9190166
0.5347456
1.8699828
1.6061854
1.2923788
1.4122798
1.6363264
1.5162139
1.2492656
1.2214521
2.5696106
1.1625023
0.8787417
1.5251187
1.922404
1.2578809
1.6653253
1.169717
1.4898734
2.7266145
2.8139129
0.7112422
1.1937937
1.4486672
1.5904624
1.4488865
1.5640507
1.412169
1.0626523
2.368073
1.8163445
0.85897446
1.8230611
0.592108
1.3209566
1.7137126
2.0236511
2.54819
1.6840074
1.5147755
0.89717036
1.9762688
2.11545
1.6580024
1.5686567
1.6359837
1.4171004
2.184984
1.7897747
1.6497593
1.4321737
1.7800577
