3.5236063
2.5865414
2.579306
2.285485
10.299231
5.2426605
1.003467
1.8004489
3.016906
3.307713
3.342032
2.4971955
2.2983584
0.8931078
4.9167175
2.7976594
1.3302448
6.142421
5.937727
3.577693
2.4678977
1.7533019
2.4214423
3.007217
2.7421699
2.744195
1.46191
2.5388343
4.64054
3.4682689
1.8152661
4.4884844
2.7219877
2.1150231
2.389073
1.9213303
2.1145432
2.365103
2.6450863
1.6192484
2.66986
4.396329
3.3804476
1.9626365
2.261811
2.7486088
3.2525353
0.97589
5.539136
4.3810377
3.4698586
1.48736
1.5247002
1.9135559
5.326683
4.133857
3.2962093
2.880841
1.9685183
2.5721931
3.0058446
2.1250906
2.1746378
2.679996
0.7640125
2.4829075
4.327681
4.1255207
2.398131
2.3473668
4.160633
4.1574397
2.6498635
1.6676686
4.286836
5.261331
2.777903
1.4470677
1.7294762
2.665931
2.3843298
3.9331875
1.8040879
1.4355419
2.6510437
5.118462
4.0080385
2.4196796
1.9765317
2.2219296
2.2264433
2.4400296
2.7258658
2.6517534
3.8271325
1.8107626
2.3898125
3.5653377
3.2677953
2.3080478
2.208263
2.5254295
3.4702935
0.57806957
18.157986
0.15845188
16.093916
0.045053177
19.761047
6.2697144
