0.91840756
1.0058026
2.0688286
0.40461415
4.3525405
0.6900812
0.9066737
4.109825
0.6581832
0.86205214
2.051489
2.1948318
0.33524555
2.7440436
2.5989864
0.72898585
1.205387
3.023637
0.79106057
3.330124
0.8579122
0.74670565
2.245891
1.0951849
0.50542873
4.1335344
1.4312236
0.679471
1.3073056
0.9725204
1.5636153
0.76517093
1.928435
2.7261696
0.58261365
1.1764979
2.0432029
0.834732
1.0095145
0.8502311
0.7650641
2.9134493
0.9205153
0.595623
0.9728848
3.8813953
0.3263375
1.602532
1.5106711
0.7737192
0.560099
4.6696854
0.85223055
0.24609308
5.6919007
1.9204289
0.9431159
1.3914254
0.49203774
1.9826171
1.1407174
1.1587865
0.9507007
0.8723903
2.1009378
1.8590329
0.9023133
1.6927967
1.1107802
0.69605833
0.88362
2.616276
1.092533
0.5633571
2.6519303
0.9662045
2.0181015
1.3102423
1.2453126
0.6567415
0.93707204
1.170659
0.7739709
1.7406079
0.91716933
1.3105283
0.5705359
1.4225296
1.4592795
2.3841927
0.49242014
2.0276756
1.6475797
0.21584055
4.3268814
2.6989195
0.99232125
0.9707152
1.9865615
1.3411437
1.1625473
0.36223605
1.4217558
3.7139564
2.2420073
0.54180413
1.1000798
1.8772029
0.9699871
1.7709141
