1.8965837
1.0645964
0.80088663
4.7229614
2.6068475
1.4099085
1.1078211
1.816657
1.4911021
2.1274815
2.6937692
2.1298766
0.38945907
2.395557
2.5660071
1.2017437
1.5981712
1.4057398
3.541942
1.6576562
1.332078
1.5742835
1.8733615
1.8501037
1.3508058
0.536156
1.7968172
2.7959125
1.8621674
2.179009
1.174834
1.6893489
1.8783863
2.1509662
1.4789491
1.2256536
2.0352206
1.0434041
1.1150036
2.4608784
0.8759798
1.7048937
1.5158732
2.0345995
1.5156251
1.8723533
1.7935903
2.5151365
1.3018519
1.5470251
2.6842997
2.7791767
0.6792433
1.5447094
4.284176
2.7063384
1.6217818
1.1730076
1.467253
1.6109295
1.500176
2.0402648
1.5519342
1.0500524
0.7598338
2.1331587
1.5799176
1.7600294
2.0359802
0.7922405
2.4626694
2.2277641
2.0595508
1.8204274
1.5628698
1.8427407
1.2111783
2.2232704
2.061294
1.5829476
1.4906256
3.6435504
1.5821391
0.8082638
1.7623432
1.9384439
0.94691616
1.577309
2.722096
2.3262525
1.5373039
0.3804931
1.9099709
2.4722757
2.680985
1.6565207
1.6715038
2.0899115
1.3688905
1.4324183
1.7909238
2.7734578
3.533021
1.4820814
1.9527473
2.135508
2.398803
1.6796505
1.9156185
2.3986478
