1.410346
2.3464377
0.3049645
1.1942261
2.7948813
2.7809575
0.23163137
2.1221395
2.7312434
0.57766855
0.7501691
3.253405
1.8628678
0.65080106
2.2248456
1.710125
1.4425093
0.98436624
1.1494894
2.3544364
0.44134656
0.9992908
1.7687607
1.6049747
1.2084432
0.76904
0.94689435
2.134768
1.889602
0.34969777
1.099747
1.9178045
0.8821664
0.6149078
1.6167324
1.1618853
1.3463438
1.0542026
1.3862551
1.3194728
0.6323358
3.6122859
0.7342931
1.3840767
1.2735976
0.25157085
4.8719883
1.9157317
1.1283972
0.92785525
1.5279493
1.067378
1.4624857
0.84144455
0.70813346
2.1379745
1.8775173
1.0746757
0.87738085
1.546581
1.3336158
0.30914694
1.1384339
1.3368589
1.0100989
1.3280423
0.40993494
2.3960605
1.5434848
1.6825697
0.85557073
0.9544404
0.8096254
1.311022
1.9197278
0.84276056
0.69849026
1.5630345
1.7693661
1.3548586
1.0825534
0.7044082
2.071251
1.1095006
0.46507087
1.8203745
0.82551044
1.7463481
1.1556315
0.24365437
1.5394964
2.1724586
0.8972339
1.0569215
2.3524668
1.9980485
1.408668
0.67627656
1.2175099
1.5666916
1.5143096
0.8047556
1.7385614
1.9183912
0.6291841
0.8922314
1.0543257
1.9126164
2.2199936
1.1722366
