0.8411
1.9612896
1.0176232
0.78882205
5.8585734
1.3368489
0.93555295
2.5248842
1.5361663
0.82158476
1.824835
1.6673374
1.0825301
1.0945728
4.1817956
0.9971844
0.5592911
6.3209004
3.6102958
0.7941576
0.2301007
4.981744
2.793796
1.0630054
1.2248968
2.0357559
1.6117845
1.0445573
2.7061243
1.3145502
0.60121554
9.816919
0.70509833
1.4470882
2.422917
1.9879476
0.48044106
4.613192
4.0041723
0.4993373
5.9415693
0.6109056
1.2671096
4.809716
0.5309266
1.0758507
3.9898102
2.7293987
1.1730446
0.56154203
2.3671632
1.5190508
0.8645209
1.0139865
1.5533526
1.8981646
1.5793303
0.9611439
0.61481667
1.5415992
1.7534149
1.8865033
1.1509547
2.4742231
1.9457669
0.75920635
0.87736005
1.1352534
1.5920435
0.65023124
2.2792315
0.32932842
1.4977522
1.3005766
2.6606793
1.2709205
1.1667442
0.895998
0.68625635
4.233282
0.7732757
0.6599125
3.1829033
2.2642522
1.7888551
0.4468678
2.9344797
2.4812875
1.3088562
0.6283974
0.8085864
3.6563601
2.22814
0.7398873
1.7110257
2.4890213
1.3628643
0.704551
0.87877995
1.7079828
1.5205512
1.3393306
0.96126306
0.89151824
2.5670986
1.9027148
0.6991693
0.98437274
2.7458656
2.1387732
