1.4398737
0.43274862
2.4077978
0.85105145
1.1889126
1.0725343
1.5601121
0.68184865
1.3232424
1.6791114
0.39129218
1.8931696
2.357062
0.8389186
1.2403255
1.8697257
1.3998349
1.6340051
1.6965626
1.0600218
1.5188328
1.3130352
1.2562711
1.1742699
1.2144259
1.0615411
1.7303047
1.13203
1.0247684
1.1430113
1.2660242
1.7155035
0.9440597
1.1484575
2.2322774
0.8186147
0.73437214
1.9380159
2.847417
1.941338
1.2403663
1.1433189
1.9872838
0.5642627
0.9826204
1.4251451
1.8351722
1.6056448
1.2741265
1.5978118
1.4581542
1.5043468
1.0300353
2.2055779
2.2450137
1.1173415
1.0025938
1.232953
1.9139344
0.60032326
1.0323691
2.2141666
0.60498786
0.41233963
2.691945
2.1512384
0.7535956
1.2783692
1.6958672
1.5241729
1.4648026
1.249229
1.2524223
0.9835708
1.4590858
1.159811
0.5643077
1.3664455
2.3119323
1.2620208
0.462692
0.9161284
1.9603257
1.3725574
1.0943656
0.8173213
1.3738832
1.2497278
1.3907319
0.5810362
1.4988201
0.71141565
1.4288347
1.3569276
1.2376429
1.2011335
1.316194
2.2182522
1.1454909
0.683136
2.1477618
0.9515262
1.7224503
0.48027998
4.995784
1.2238498
0.88903236
1.837641
3.133656
1.8915253
