2.2396069
1.1616067
1.1244268
1.8079082
1.5578363
1.7808911
1.6556381
2.178843
1.3719523
0.97427094
3.130789
2.8133323
1.1882439
0.3238076
2.9949062
1.6423981
1.7654605
1.1765329
1.4564145
1.9433241
1.5866706
1.8717219
0.81645304
4.7967567
0.48454732
5.0161467
2.7411814
2.468237
0.57386166
0.9253372
2.4944222
2.1534467
1.7507689
2.5170577
2.3950858
1.7356415
1.0444158
0.90002525
1.5518117
1.9831893
2.3204122
1.7792253
1.1220922
1.2359079
1.7141604
1.109978
1.7242831
2.0153751
0.64197844
0.964634
1.6215218
2.2424786
2.8247209
1.5330751
0.7279017
1.2689254
2.3120456
2.2171304
1.1937675
2.3002732
1.5256298
0.92885625
0.8692199
1.2032331
1.5076623
1.2400587
1.5731652
1.696856
1.227543
0.7716515
0.8653419
1.6320069
1.6988074
1.3661128
1.6093688
1.4433079
1.0385516
2.1333022
1.8481168
1.3900477
2.1125655
1.5590253
0.9138663
1.0648993
1.0054766
1.4211743
1.5691012
1.249967
1.8015838
1.9945456
1.0389285
1.4423978
1.8828804
2.3035145
3.1778827
0.3460426
6.413701
4.723383
0.6265311
0.95647085
2.3725913
2.391294
1.4950078
1.5231481
1.0063653
1.0808814
1.6766744
1.7248259
1.0978426
0.656675
