1.1470522
0.8626829
0.9763095
0.9914074
0.8857173
1.0766666
1.3469777
0.73991424
2.1849065
1.4994345
1.6159797
0.81705487
1.9856825
0.45051545
1.1625409
1.9186219
1.5970141
6.074729
0.049222864
10.484756
0.07421453
9.899023
0.07386446
13.034395
0.21260229
10.92149
1.3577445
1.5328305
3.6328466
0.525021
4.3333635
1.2144477
1.6111306
2.7007356
0.94132906
1.7448391
1.6893325
1.1625443
2.0356367
0.5750926
3.0776575
0.52938294
3.4377313
0.5272852
2.1356616
1.249979
0.9029287
1.9313738
1.1726346
1.1990871
1.4324584
1.1088283
1.7346714
1.1850281
1.0065532
2.297513
2.4615579
0.34311482
7.4196177
1.1154916
0.29403776
4.4486837
1.1086376
0.76743567
2.7255845
0.7796095
2.688329
0.6399677
3.6923504
0.7024584
1.7567838
1.0336151
0.34522462
3.4518256
1.4650131
0.39594263
5.484717
0.36299753
3.913437
1.163488
1.3011804
1.6385036
0.8597929
0.7505125
1.0645454
1.5350287
0.38707846
3.1584082
0.4679217
1.4193166
1.0249577
3.094177
0.28859973
4.164304
1.9381081
1.1394577
1.814142
2.4656248
0.38604987
3.5050154
1.5851108
0.7359023
1.4517039
2.2437563
1.1195723
0.9746083
1.1764927
1.3279356
0.5487548
0.95580775
