2.2864778
0.99008393
1.2902529
1.8541422
2.6381934
1.4296772
1.1899328
1.3764149
2.7472954
1.9353429
2.1872523
1.9914691
1.0599426
1.5139654
1.9271715
2.1051626
2.1603615
2.1278088
1.9129927
1.4769523
1.291538
2.4557977
2.0871177
1.4473163
1.5843809
2.0612683
1.5326977
1.8768466
1.9691362
1.9282244
0.30312204
4.142931
3.4405713
1.5764498
1.6075068
1.7149997
2.3894873
1.7405505
2.7950253
1.8546457
1.0250171
1.3570926
2.2207327
2.2761202
1.808146
1.4739902
1.3618367
1.3209957
1.6105218
2.582644
2.8178887
1.773083
1.8351794
1.6494148
1.461587
2.222753
2.0620837
1.6673517
0.98998326
1.9397689
2.760768
0.5543488
0.8419225
9.679268
0.04592913
13.724121
0.019896371
14.7817745
0.3483271
10.794592
4.230282
0.35535836
6.311884
2.7414265
0.5927792
2.7446384
1.6688888
0.9910091
2.6032572
1.5868931
0.6240481
4.378989
1.0725594
1.456967
2.4753506
1.1381912
1.3302276
2.3884716
1.2402904
1.5793957
2.138991
1.4402995
1.838822
1.9367245
1.4415038
0.7375006
4.5671067
0.52012604
2.9994636
2.511369
0.7506977
3.4894326
1.5725083
1.6940782
2.97332
1.0636036
2.0984852
3.034349
0.78844535
5.1275196
