1.2544167
0.42882818
3.3473225
0.30122
9.542755
0.48608658
0.41197407
8.665795
0.49163103
2.6451535
1.8499409
0.59639907
2.040538
0.5149899
4.4826336
1.3717084
0.13196917
8.52092
2.4975703
0.8490485
0.8410833
2.4436874
1.3161798
1.3197032
0.65520465
1.1476735
1.2226112
2.4006376
0.38507736
3.5674336
1.3444126
0.82463413
2.1275425
1.1531112
0.7758916
1.2644479
1.040905
1.026747
1.8146756
0.4841348
3.4223547
0.72347885
1.2357423
1.6150546
1.0168602
1.0861809
1.3957309
1.7525861
0.80101275
2.7513404
1.2343827
0.8118788
1.1713784
1.2556882
0.54613715
2.9625106
1.7547216
0.43725693
2.0717676
1.7807662
0.84750044
0.63825786
1.2109782
1.3149831
1.4864345
1.1763883
1.4888388
0.8458929
1.8179281
0.89608335
0.45914268
5.620992
0.5257409
1.3008642
2.7042427
1.1689388
0.5592629
1.2657695
2.5720751
1.1633785
0.8854526
1.5028328
0.712283
0.93993956
1.638318
1.147065
0.666203
1.1589975
1.2857081
1.55989
0.46214598
1.2107888
1.3534657
0.8816608
0.9333811
1.8588729
0.746824
1.2955256
1.3155885
1.24312
0.91828996
5.2121215
0.19965145
8.211524
0.80966264
0.65101284
4.0801606
1.2259672
0.60366243
1.3130963
