2.8394513
1.8865224
1.5924993
0.83628166
4.541676
3.415824
1.3131571
0.8611907
1.4916861
1.7984815
2.3446178
2.3598542
1.916924
0.7508601
1.4365042
2.104403
2.2826912
1.7112784
1.6460707
1.3086418
1.4033098
1.3376365
1.8036528
1.7917994
2.0654986
0.89040947
1.7768344
1.6213214
1.1896036
1.326561
1.4881079
1.6822376
1.3215344
2.198718
1.2921021
0.97904587
1.5044672
1.8000665
1.9614791
2.4951227
2.0257645
0.6616439
1.5402843
1.5495856
2.1136513
1.8135104
1.5588672
1.510172
4.5001
3.33678
1.8484626
1.3141506
1.8994297
1.9786255
2.2395012
2.0783896
1.4015882
1.648789
2.890137
1.5979753
1.9985037
1.8104084
1.0962777
4.7235518
2.4045823
2.5735135
1.2528433
1.4659034
4.2697697
3.4864697
2.5882149
2.0023324
1.5634339
1.1869177
11.080803
0.1391029
15.854327
0.1984965
14.222485
0.68194765
6.8855457
1.0081823
3.63983
2.2407706
0.9137585
5.982998
0.86923623
2.9491277
5.4635224
1.1637582
1.684083
3.6982112
1.2818744
2.4243572
2.6348474
0.99860156
0.923502
5.456606
2.1047835
0.98217374
4.7308493
2.8289702
0.43531376
3.62472
2.2311718
1.8313171
0.8296911
2.9282665
2.2199366
1.3091068
