2.7858202
1.3298388
1.9302297
14.821791
0.7670826
16.285881
1.4038036
6.324216
5.6592007
2.991991
2.5269828
1.2986424
3.1774387
2.6375384
2.395948
3.631402
3.5155902
2.1056356
1.0440338
4.3974175
2.209724
2.0303288
6.23929
0.73711294
2.435335
3.087206
1.9462053
2.0763597
1.1433786
3.669436
1.0473298
1.608949
2.103846
3.8741713
1.7031132
1.3935319
0.8589072
2.2494574
2.4857466
3.090068
2.072904
0.3841897
2.534202
3.4278631
1.6279039
1.168652
4.505892
4.1503606
2.944881
1.1307766
3.5211914
3.2387533
0.8972085
7.913715
3.769105
0.4147035
4.9156055
3.0132966
2.710599
1.245254
2.280625
2.7047982
0.8499844
1.7906461
1.795443
10.379936
0.20800897
9.805671
2.5686288
1.5170513
3.4318168
0.9985974
3.202076
1.6142836
1.3141627
2.422544
1.9444469
1.6642512
1.2199545
2.1373434
1.6109825
2.6622686
1.519366
1.9431574
1.3162482
0.37300095
1.8742328
2.4250996
1.3486998
0.7186543
4.939028
3.3023198
0.5866705
0.6923039
2.5775037
2.3683884
1.8139851
1.5442035
0.95290124
2.097252
2.095963
2.5520759
1.5726327
0.3459158
3.5886016
3.5446243
1.8201786
0.72528297
1.5043784
2.1313639
