0.9973828
1.3299689
1.1224556
0.42172998
0.8061492
1.2746885
1.9430683
0.25168985
4.639276
1.9994724
1.1502984
1.1147604
1.091404
1.1872556
3.00615
0.45317066
1.2956389
1.6076756
1.3299539
1.517033
0.60516214
0.7248957
1.916995
2.254129
0.86496747
1.0515451
0.76308334
2.5299575
1.9212487
1.0080795
0.60510004
1.0686394
2.8010447
1.1647491
1.038785
0.68961513
1.2599934
1.4466391
1.3183261
1.2041957
0.90436155
0.97256327
1.6660836
0.90728503
1.0636119
0.9698175
0.8872551
1.2625775
0.87631214
1.5158833
1.6574053
1.1831388
1.2329745
1.3271781
1.1908851
0.9290501
1.3751416
1.3747336
1.5315417
1.7834803
1.5768867
1.1327817
1.7647053
0.8701215
0.52260494
2.3542671
1.2200159
0.61138415
1.611427
1.8172907
0.85305077
0.85879505
1.8778231
1.1822453
1.2995046
1.4963353
1.0414488
1.4363184
1.3153659
1.4171807
0.6767392
1.0923378
0.60075265
1.9498668
1.4023579
0.29647434
1.5151613
4.0063186
2.3825233
0.37515444
0.993048
6.231415
1.3072319
0.22347072
2.3811707
2.4143229
2.3581913
1.5116146
1.0109663
2.9668798
1.1832043
0.62971425
1.0871311
2.2493155
1.7209173
0.57050866
0.5766158
3.8276713
1.8304228
1.1386495
