2.0965636
1.7430947
1.7448256
1.6047616
1.9245965
1.4341768
1.8280661
1.7730315
1.2714282
1.4157963
1.5721896
1.3901154
2.5569139
1.4361643
0.8717687
1.309154
3.6809344
3.791057
2.4266338
2.853356
1.1636349
1.5008835
1.3573079
1.8277092
1.8572655
2.1011407
1.6182427
1.1518147
1.5178536
1.4807355
1.7085552
0.7586832
2.0731196
2.5973625
2.0553648
1.6873636
1.4632208
1.9544716
1.8977693
2.0373101
2.3626227
2.2079442
0.8279065
2.609836
2.9511724
1.551049
1.7778975
1.9578905
2.2930589
2.364015
2.6840131
2.662341
2.6425114
1.6501372
2.052923
3.3738456
3.0467288
2.537957
2.6243427
4.1508436
4.098199
1.3200871
2.7314951
3.5968552
3.42903
2.5178242
2.5713377
1.6047099
1.8038578
2.4087987
3.163239
3.7969484
0.34035394
18.528076
0.5545393
14.209518
0.062149543
15.303168
0.2189247
16.771713
2.1444693
0.4198986
9.114719
3.340427
0.7820009
5.8666525
1.3898426
1.9300294
3.0497735
2.5534856
1.0070945
2.4399753
1.274332
5.319106
0.6628125
1.8277832
3.4926658
0.94001305
1.0331496
11.688265
0.75922453
1.4379349
10.173313
1.3920127
0.88385296
4.313483
2.889213
2.0222945
0.71295583
2.6384206
