1.7981215
2.0152867
1.3562388
1.3492444
1.2357613
1.7767546
2.050012
1.6778835
1.9845036
1.2923491
2.0581193
1.1186428
1.5013275
0.89451754
3.2186854
2.1494205
1.9510322
1.1590681
1.5084519
2.4046884
2.390643
1.0458024
1.6095074
5.18544
3.8463354
0.74794793
0.849429
6.3524027
2.3802743
2.05437
1.7440413
1.5925975
2.0985875
1.8644204
1.7347035
2.0769484
1.5317183
1.3256053
1.7480851
1.8143727
1.5718629
1.7344642
2.0761306
1.9029549
1.9783195
0.7912227
4.0830507
2.9210799
2.8144827
0.9419262
2.0788999
2.6222167
3.768222
2.3347611
1.5077121
1.8786314
2.2697282
1.1805202
2.595982
3.2319758
1.119338
1.131763
1.6950899
3.3678904
1.958473
1.2150388
1.4929299
1.2092608
2.5240731
1.527286
1.5846541
1.6246994
1.8871574
1.5327431
1.6088858
3.086712
0.90021694
1.1701161
8.533546
0.45473075
7.472688
3.829139
1.42176
1.1526496
5.7556314
3.5580273
0.40746546
4.778531
3.0187008
1.3493844
1.1801807
1.592557
1.5204219
2.6338503
1.4735835
1.4260242
2.6098669
2.3327417
2.1692848
1.4409842
1.3028107
2.0504942
1.9994445
1.9826803
1.6660976
1.1717558
1.8969104
1.6610005
1.9519365
1.8758146
