2.0147386
2.5341175
3.0530903
0.8079282
1.2388113
1.9694228
2.9662578
2.916917
1.0593951
1.3114837
1.7229393
3.065064
3.1120114
1.0060743
1.0783906
5.4831743
4.870856
2.551414
1.7541827
1.4989389
1.445615
1.9396118
3.3648689
2.3463593
2.5569825
1.2579966
3.6191623
4.308667
2.0658102
3.131137
1.9822917
3.8325489
3.5048044
3.7581403
0.8588988
3.6365724
4.1058125
2.6989768
3.0691109
2.8421082
2.3894188
1.9481335
3.1986842
3.1070561
2.1363738
2.2190757
3.2560449
2.7540078
1.4269967
5.944695
4.6448994
2.8273811
2.711929
2.1215878
3.8780508
3.2452927
2.0583255
1.1816397
1.6565201
5.506672
2.3181772
1.1250181
11.487988
1.6607795
1.5183163
6.3246336
5.138049
2.991363
1.1646442
1.9048038
2.3746345
2.8255854
2.5731401
1.9735117
0.8211465
4.015621
3.1915739
1.1660917
1.1263002
2.114433
2.8556676
3.2046137
1.4445914
1.1549516
1.0397875
1.2953675
1.6940215
2.0042894
2.983617
0.19499435
6.3437786
4.574829
1.8191991
1.8884231
2.1540513
2.2010474
2.0619235
2.7059565
2.3405716
1.6379814
3.1419475
1.5840075
2.3451233
1.9197214
1.4069388
3.612975
2.549357
1.4776565
1.1943619
1.9173958
