1.0780177
0.3477772
3.1345475
0.69539034
0.74809504
1.4402856
1.2008212
0.70724773
0.6261976
2.7285368
0.6369813
0.8404877
1.2226622
0.8721242
0.58594257
1.0077885
0.75173557
1.0387255
1.4431355
0.39697018
0.70372325
2.5879083
0.95400196
0.46992797
1.6367874
0.53428245
0.75398827
1.9231371
0.54666835
0.78295106
1.6452082
0.3397969
3.4576612
0.8517608
0.639576
1.3761189
1.4577163
1.0954478
0.39852685
1.2868103
0.7402202
0.8609421
0.9802959
0.43558353
0.6567588
2.379539
0.59525144
1.5927906
0.41582036
1.2546123
0.7293762
0.9218645
0.9346799
0.85988045
0.72124666
4.161413
0.23652026
2.2046766
1.8572499
0.7661191
0.4568385
3.204202
1.6273673
0.28296518
1.3856287
2.033523
0.32315725
2.4561515
0.6351051
1.4622
0.8329558
0.4929009
2.0767698
0.9579096
1.0001774
1.1168976
0.9990685
1.087544
1.5310686
0.41022328
4.584999
0.7220415
0.4184889
2.4693425
0.8749809
1.2994076
1.0719255
0.6016119
0.7458728
1.4194708
1.0560288
0.90998423
1.7470034
0.53913814
1.728365
1.1535051
0.5291306
0.63988763
1.2624207
0.6873373
1.2155242
0.8166969
1.8542204
0.5050805
0.60418993
2.5463526
0.7250184
0.5976211
1.7922174
1.2575133
