1.0890343
1.0840272
0.78658444
0.48468202
2.4145048
0.5609401
0.9607047
1.7408563
0.34589946
2.2305126
1.0353339
0.70628834
1.1984175
1.6906328
0.72158086
0.9893184
1.3607845
0.70307
1.4877807
0.41391838
2.8597927
0.2969389
1.5343663
1.4779179
0.8345685
1.1651556
1.398987
1.0857172
0.6667309
1.3885376
0.6310444
0.2199108
4.737336
1.4741457
0.45450407
3.1086297
1.7751544
0.30067107
5.1426044
0.28848472
4.493231
0.32345647
5.055795
0.2874982
1.1790107
2.7398953
0.21270066
1.6286521
1.1814407
0.5512711
2.4808762
0.25132364
2.95583
0.42837912
2.0320184
1.2441236
1.2992859
0.5576788
1.277945
1.6139898
0.25303409
2.282107
0.989752
0.36108792
2.6864982
1.0916635
0.80665374
1.3298557
0.7951475
1.5517243
0.6475392
0.24769795
4.2803974
0.52182704
0.9172108
0.505739
1.1297253
0.79385686
0.9015894
1.2618148
0.82870567
0.96685183
3.0728512
0.4248297
0.5659557
2.4264328
0.9369204
0.78416365
2.0183084
0.3583251
2.1603315
0.828729
0.9059214
1.9086456
0.6578711
1.4958059
2.115047
0.3096038
2.983067
0.5231334
0.58907104
2.3195734
0.2838558
3.1343918
0.7705345
1.2809911
2.3072095
0.17531878
4.067131
2.537269
