1.8689125
1.8311409
1.2499812
0.8196354
1.3083444
1.9695922
1.8687629
1.4207914
1.1613209
0.6375422
2.1051946
2.453142
1.3366802
1.187076
1.595062
0.6581771
1.6707525
1.1504178
1.3199978
1.2953341
1.5089325
0.8531169
1.3367248
1.626991
1.0560108
0.5817219
2.2009542
3.0152133
2.7951486
0.73914385
1.8908846
1.5095458
0.5438677
1.0400939
3.0762765
0.8941331
1.4406018
1.3948877
1.8066392
1.3273519
0.7514784
1.5439348
2.4365258
2.4805675
0.84488714
0.9644053
0.8965749
5.6367383
3.2230742
0.49790543
3.2340157
2.5724487
2.5402598
2.1717591
1.3226919
1.7206862
1.8113196
2.0290396
1.4930446
1.0240581
1.5935186
2.1326337
1.0592207
1.0447211
2.3843827
2.782808
1.1461011
1.1072655
1.2561476
1.6674297
1.0261075
2.1356726
1.9585506
1.8482955
1.2041821
2.4365335
0.45711458
0.95525634
2.1924095
2.7028558
0.72066617
1.6741261
2.0859807
1.8105247
1.5023988
1.4598722
1.867443
2.1705248
1.4118457
1.0502925
1.8676765
1.6537313
2.047666
0.9752604
0.83422905
1.7073365
2.6310546
2.567505
1.121125
1.2126045
1.9347814
1.8258258
1.4774252
3.454019
2.5948768
1.2563142
0.66245234
1.0898721
1.3140725
1.6545124
