1.3863633
1.0105879
0.568634
0.43549183
3.0916288
0.6170217
0.9506061
1.48721
0.89839286
1.702553
1.3152373
0.6619327
2.0658326
0.26457345
3.3942003
1.2645067
0.4150487
2.7624037
1.6910644
0.4023345
1.6181833
1.8681397
0.60056925
0.94352657
0.5077299
0.5845885
2.7823381
0.7807048
0.45290944
1.5636005
0.56287956
0.7851514
1.4950031
1.2296674
0.68291694
0.86777085
1.4201553
1.0006028
0.67057437
1.665806
0.70881206
1.4525365
1.6019287
0.36285383
0.92921096
1.0623361
1.2580514
1.5434026
1.1003181
0.5883151
4.088919
0.756876
0.8565003
2.1769757
1.2243348
0.98389125
1.3483145
1.1982751
0.8050958
1.2187419
0.8472755
1.2633108
0.90362644
1.0953853
1.6875813
0.25337178
1.7211909
1.7464961
0.41064835
0.7611941
2.5585854
0.3691091
1.1402762
1.265104
0.76038307
0.70158625
1.1987298
1.2187172
2.0577536
0.20186312
1.6866097
0.647536
1.138479
1.9425913
0.48371997
0.65833336
2.266418
0.72550595
0.33059263
2.493907
0.59266347
3.862776
0.16236609
5.5700197
0.7173302
1.8581153
1.0634415
0.8641025
1.1730503
1.2869897
0.7128035
2.5998378
0.89259535
0.9835253
2.4891024
0.8538654
0.8483909
2.496822
0.7353834
1.2374461
