1.5530767
0.59041786
2.1109796
0.77894014
1.3656588
0.5392699
2.8068771
1.58933
0.21723658
4.0664735
0.76503503
0.85309255
1.0133607
2.3434148
1.162446
1.2944618
2.3061032
0.61996734
3.2532125
0.7629436
1.1742926
3.5587368
0.96966994
1.3367803
0.90805125
1.9411297
0.7799646
1.411074
2.76181
0.2964744
4.6629844
0.23483795
4.656933
0.41342777
4.053334
0.84383136
1.0318362
2.1478372
0.9318208
0.76191187
1.4279128
1.0639619
1.1162813
0.72316253
2.2639346
0.38936138
6.536639
0.2695995
0.93288136
3.3065372
0.42076167
0.65705526
1.5535417
0.8659407
0.35707122
3.1379683
0.9572446
1.7823722
1.1578528
0.63067925
2.392952
0.24064255
4.178276
1.413093
0.81771076
1.2652236
1.6287376
0.5911455
2.0433843
0.4222489
2.347508
0.23632337
6.1489887
0.4760578
1.3785535
3.959889
0.40167564
4.796258
0.731561
1.2229993
1.5543089
0.21581092
5.521529
0.8210578
1.0152254
2.5767608
0.86356026
2.595194
0.7744425
0.84199095
1.4394315
1.0689785
1.1099198
1.4833643
0.99131614
0.9090442
1.8878858
1.7124722
0.48359463
1.1733111
2.011645
0.4504487
4.034707
0.43625408
2.9499831
1.8140678
0.33531833
1.6655483
1.5103085
1.4415138
