1.9306403
0.67494375
3.2369814
0.3129022
4.356192
0.5714288
3.9369144
0.5883291
2.7242813
1.516749
1.7981647
1.64494
0.32177445
4.451733
1.7437315
1.2891262
0.4945605
7.9826345
0.34217152
4.1647277
1.1623484
2.298764
0.3486479
6.553856
1.3574692
0.6035938
4.3904953
0.4532496
4.804478
1.290448
0.8675217
0.6962615
2.1568656
0.7903824
0.8764012
2.2514796
0.8107453
0.9710388
3.7644503
0.19867073
9.296808
0.7402655
1.9129492
2.421042
2.0416894
0.35911366
5.4070015
0.4262121
4.9738355
0.41092977
2.7757072
0.36931896
4.419663
1.5630624
0.84979254
1.2389623
1.456461
1.4287391
2.7109036
0.4381132
1.8627301
1.8106618
1.225158
0.8842194
4.13935
1.3042843
0.57460314
1.8138285
1.6111407
1.0370967
0.6926727
3.4971817
0.39884895
1.2102492
1.2966421
1.852529
0.6983197
1.4463812
0.8762374
0.8855392
1.0163379
3.0954852
0.46563706
3.5603542
0.5707605
1.0167145
3.2924066
2.3451655
0.47159457
2.8478706
1.6394762
0.3542481
7.958008
0.3656593
0.72332394
4.2175703
0.86908925
0.65580356
1.7559566
3.4544587
0.30140668
0.9288906
5.6040316
1.6633593
0.3687754
4.915286
3.6744494
0.35785326
3.1050017
1.6626403
