0.6491399
1.8297057
0.7462806
0.25606513
7.1396675
0.6619798
0.5650414
6.2503824
0.1430744
8.18875
0.33982557
3.9303322
0.5700995
0.87361544
0.6232597
7.0557957
0.19038391
2.3892305
4.2869024
0.25706282
2.1421003
1.4562267
0.45048314
0.70056367
1.4319134
0.053700577
9.230322
0.2739393
4.619689
0.13797687
8.258114
0.3968473
1.5113775
2.5595384
0.54125047
2.216529
0.8348922
2.4414883
2.7547004
0.62008774
0.8853104
1.7467682
1.3637807
0.63076603
1.2507532
0.99502164
1.6880088
0.81694496
1.4927721
1.3881911
0.24665943
4.48745
0.7509386
1.6166878
1.2470016
3.051992
0.827877
0.3185403
6.521179
1.8717993
0.333345
3.4712417
0.6081906
0.70722646
4.799662
0.26813728
0.9095752
1.8400116
1.643933
0.23338605
3.6437678
0.8979547
1.1567954
1.9336592
0.42903972
1.3903146
0.47281837
0.8858177
2.7746525
0.6687762
0.67400354
0.79437804
1.0677083
1.1677685
0.82075405
0.43857902
3.8426657
0.24260387
0.40327156
1.3843455
1.22127
0.902179
1.5862665
1.0487642
0.79473984
2.880043
0.32377037
4.1072946
1.9959574
1.3238246
1.1139021
1.5431902
2.2701137
1.0289932
1.1183407
1.233419
1.6859643
1.8986088
1.275265
1.4642055
