1.1358933
0.53173435
0.84159756
1.4547192
0.71518946
0.60033965
1.7702558
0.79287994
1.9109557
0.9747521
1.1182263
0.94777787
4.121196
0.5264583
1.3910397
1.866922
0.59602296
2.5699434
1.5030293
0.6650171
1.5184436
1.2653276
1.7728341
1.1011504
0.78364193
0.2818414
9.452549
0.5312749
1.0209131
3.5447888
0.15564007
8.411986
0.09505759
10.294184
0.23210844
6.699664
0.28375727
2.9624999
0.73623395
0.3825186
2.807622
0.41575268
4.4737473
0.48596418
2.012083
0.7760049
0.9896574
1.4443629
1.2065777
0.29794663
3.8003612
0.31783852
2.4500513
1.0578119
1.0779825
0.9340056
1.9124238
0.7024549
1.4028904
2.2601044
0.6606434
0.70016384
1.8652804
0.19561192
7.244713
0.40056515
4.3470135
0.30458775
2.463602
2.1610427
0.68609524
0.4683049
3.0740132
0.4534529
2.9258037
0.25907806
2.19363
0.93595517
0.6805035
2.1046731
0.39339107
3.1045454
0.44895425
1.3400371
1.6539514
0.4035642
2.6185656
1.6692463
0.43249634
1.1469357
4.8111844
0.49837536
0.36170393
5.349428
0.31687182
1.7726928
2.7498555
0.89718527
0.9362997
1.4710358
0.7768854
0.8898123
2.718577
0.80230176
0.99641466
1.1533297
1.4946507
0.41980815
1.692841
1.4816031
