1.8709753
1.5966563
1.3835411
0.8117833
3.5522976
1.7244118
1.4018785
1.5444901
1.1549337
1.3700689
1.1459943
1.6795917
1.0049489
0.70388013
2.6626513
1.6152462
1.0146194
0.8842051
4.813392
1.6328683
1.069443
1.6689485
1.1294783
0.8530406
1.9599774
1.554093
1.1292397
1.597267
1.4256792
1.7645278
0.8593371
0.66350305
11.967204
0.321519
3.394816
2.2304487
0.1762684
11.717736
0.32955933
8.029878
0.58749324
3.6709385
1.6011183
0.6017564
3.1914
2.0868971
1.3957963
1.7469001
0.17807463
9.248171
0.87607855
0.86183655
3.2267787
1.8221369
0.9557881
0.93531084
2.3764348
1.5582865
1.5555305
0.63082623
1.1424233
7.4193707
0.61722744
0.9655614
3.1216547
2.3554766
1.2548938
1.088401
1.7055364
1.7862422
0.21261044
6.0942698
3.2858357
1.593121
0.18121381
7.1369324
2.2345579
1.3886913
2.0699537
2.2065156
0.64916706
1.0515132
1.7774531
0.9590689
1.2831941
0.7740736
1.4909508
0.88773984
1.1477416
1.2059503
0.78144926
0.98744184
1.4702151
1.0105946
1.1054062
0.3473454
2.7159014
1.2952585
0.6631987
0.6405011
8.333384
0.23465198
4.3571167
2.9222598
0.5324899
0.78573287
4.2510576
2.5553226
0.7296391
1.0598285
