1.8109379
1.1748886
1.1161747
0.8176553
0.9011979
1.3207536
1.2865274
0.7270392
0.74839246
3.1614757
2.8027585
1.1796708
0.59000397
1.3032455
1.3334554
1.6941156
1.3854299
1.3984194
1.7607263
0.26142472
1.5427475
1.5689619
1.047148
0.6492632
1.0593863
1.2974424
1.4649082
1.9265872
2.024963
0.5115715
2.5665612
1.3795376
0.60910577
1.1532085
2.5078406
1.255671
0.7941382
1.3326731
2.131298
2.9179542
0.55367416
2.559862
2.1346202
1.2983587
1.4731627
0.74540234
2.0062914
1.8772476
1.6564513
0.2516316
2.3914735
1.7249396
1.3493757
0.5837032
1.4338453
2.80446
0.48693117
0.7918408
2.3281503
1.4310673
0.72231305
0.99446094
1.8778607
1.0296273
1.1855526
0.9517736
1.2320396
0.7296785
1.2638264
1.5523884
1.1834764
1.3350897
0.9652359
1.0337908
1.2417585
1.0940926
0.52463055
1.231192
1.4409101
1.6613042
1.6238058
0.94338775
0.68197346
1.3696806
1.3970523
0.13480791
10.091846
0.3605194
5.5915275
0.25371337
6.0869675
0.7910509
0.80782306
1.9770534
1.0478597
0.15139982
10.522074
0.28547847
5.6830974
0.27402407
5.2370415
0.37887016
1.76324
1.5162902
1.4406898
0.66745174
2.1258335
0.7037961
2.4443846
1.8155305
