1.0806954
0.25490528
0.9831623
1.6924204
1.4591358
0.71098006
2.3849301
1.0677953
1.3010175
1.6837211
1.4099789
0.66632843
1.1603893
1.5902445
1.3953798
0.96561587
1.5542778
1.3788197
1.2275325
0.93561983
0.8613615
1.0619338
2.0464065
1.2955995
1.3228483
0.45106584
1.0062627
1.8954226
1.6855226
0.71564174
2.0791316
0.6529414
0.81852067
3.0362508
0.9932552
0.941298
1.7151734
2.629877
0.257649
1.6212873
1.1424116
1.4351786
1.4195828
0.86562383
3.2186985
1.5726676
1.0843002
1.0526732
1.1371351
1.7612627
0.41304928
0.9486945
2.7146606
1.8120604
0.97642577
1.0755389
0.9923028
1.6386526
1.4185516
0.86208135
1.3292224
1.9084669
0.9254258
0.49087328
1.8319776
2.0891378
0.9923164
0.8552137
1.6696701
0.95520735
0.9474013
1.1477778
1.2377129
1.0563772
1.2956328
1.2785168
0.53920007
1.0446391
0.9809308
2.1115477
0.9854251
0.71588266
1.6621714
1.1506045
0.64358544
0.79589045
2.6460838
0.8895357
0.59642947
1.534769
0.92461836
1.2277849
1.238178
1.4620502
0.598431
1.0686967
1.9268478
1.9940393
0.5570606
1.3306017
1.3677561
1.8992314
0.9115994
1.2795846
1.3534921
2.2284052
0.5358904
1.8155324
2.4712343
1.4926608
