1.5398107
1.2550123
1.0180486
0.6538255
0.91961575
3.4535465
2.5670195
0.35975152
7.148757
1.651784
1.1993185
1.5341439
0.9189405
1.4995431
1.5826356
1.6446526
0.5828229
1.1144366
2.3679209
1.8004568
0.5192143
1.0603421
2.1564465
1.9647653
1.8547759
1.4800583
0.8172757
1.3093584
1.5970414
0.9511534
1.1607769
0.6666559
1.7157828
2.1609216
1.0016668
1.01512
1.4895564
0.94957674
1.6433928
2.172888
1.0796285
0.99903655
1.1768336
1.2739778
1.5273025
0.94407606
1.1033845
0.945233
1.220267
1.4080162
1.4552901
1.4320858
1.2255836
0.6062609
1.3436925
1.5079191
1.2701111
1.6655579
0.5928929
2.2317276
1.8975511
1.5362644
0.90021294
1.1703849
1.529915
1.7133889
1.2791065
0.5535308
0.957095
1.745169
1.6935005
1.4552585
1.1007993
1.3485336
1.8411926
0.85910255
0.97238594
1.4795015
1.5493481
0.5792094
1.278607
1.542439
1.1672304
1.2048115
1.4660478
1.7245038
1.2351702
1.0605942
0.866629
1.2734983
1.2175229
1.1206847
0.8044462
1.4979969
1.5727593
1.8152052
1.3653942
0.6589007
3.728513
1.9146359
1.0723511
7.753081
0.060272407
9.490505
0.12600702
11.160147
0.7932542
1.7835073
2.7300196
1.9728882
