4.276133
2.3609064
0.22261502
4.6099777
0.9069235
0.8060783
1.4377042
2.3293543
0.5431395
1.1885086
1.2016187
1.8457437
0.8913895
1.3424544
1.258867
1.267288
1.6124787
1.1501687
0.88669956
1.4390178
0.921442
0.8678481
1.2411149
1.8714709
1.0852242
0.7339875
0.9837594
1.9286971
1.8000476
0.64590025
0.6854388
1.1040684
2.0605814
1.0670878
0.8700266
0.8229104
1.9872576
1.8744606
0.8420192
0.84891087
1.6011258
2.0135596
0.8962798
0.8809843
1.3755094
0.74680275
1.6986688
1.1698081
2.1327572
0.23520768
2.888655
1.8952234
2.1889293
0.5555124
1.6883652
3.3414166
2.0259762
0.66095555
2.0419621
1.1129266
1.5497967
1.2804409
1.0579858
0.27924463
8.794036
0.30416733
6.9477415
0.26657015
4.462339
1.2134017
0.8292327
1.826799
0.78162646
0.9443629
1.2542908
1.0649552
0.24329649
4.5973525
1.395179
0.8043779
1.7287309
1.6674827
0.4852546
0.9394727
1.630391
1.0821116
0.58857787
0.79096895
2.2616873
0.33134705
1.3774819
2.0357862
1.5516573
0.9269248
0.7383939
0.9057244
6.586439
0.4072738
1.5860616
2.176
1.5846643
0.542898
3.7322419
2.068708
0.44447213
1.0523573
2.0515745
1.4737382
1.1419036
1.2893845
