1.4266536
1.7002606
1.9964992
1.943426
1.3760726
1.9505166
1.6810502
1.6298579
1.3468434
1.2459809
1.1071234
1.5805241
1.8338318
1.7964652
1.4409016
2.184595
2.0522559
1.0599968
1.0799457
2.7915206
1.8465955
1.526915
1.3269563
1.6299832
1.6488886
1.8475518
1.7841723
1.576271
1.8125782
1.7910963
1.4870381
1.1909138
2.7715204
2.37805
1.1778961
1.4506075
1.8686197
1.4954729
1.7731804
1.7674514
1.5397148
2.3000665
1.6305281
1.4565525
1.018488
1.959455
2.0506215
2.0106046
1.5329599
1.1268388
1.5652854
1.4350828
1.4254298
2.858325
1.1754642
1.6054292
0.76518774
1.6210692
1.7040515
2.13472
1.7438693
1.4788158
1.6731132
0.71829444
1.5758212
2.3478682
2.7705092
0.70279026
0.68709314
1.4195033
2.6926577
2.8415046
2.771655
1.4839861
1.4809116
3.7353344
1.201415
2.8697672
2.7324684
1.342283
1.3105631
1.2415743
1.7143668
1.7498542
1.5509241
1.3370049
0.9810883
2.1347864
2.8539336
1.8625139
1.3557749
1.9280071
2.1133347
2.1055288
2.1656473
1.7583058
2.56282
2.7989848
1.516035
4.2120295
2.9783034
2.1838455
1.2597538
2.0339506
7.424755
5.4345255
1.4251958
1.8941407
3.9948988
3.2662923
