1.5744431
2.3426154
1.5399954
1.130368
0.62471616
1.8747042
2.171545
1.4393444
1.0174141
2.474934
2.5932922
2.6979136
1.3838365
1.0557001
0.94048655
1.1006222
1.4299793
0.99914014
4.5471215
2.940684
0.9024352
1.2559121
1.6992788
2.0065558
1.7627912
2.3693488
2.006026
0.5028054
1.9770455
4.6674213
1.6616354
1.2568558
1.6507782
2.5864348
2.5396662
1.9282365
1.516119
2.9508076
0.82044315
1.6784351
2.7466078
0.3100499
8.487108
1.997389
0.77997965
3.6523857
2.2715518
2.702167
0.5763403
5.1065288
1.993636
0.6109195
4.710206
2.7324061
1.6679013
0.917639
5.9095383
3.0270329
0.65824723
4.3424625
2.6630723
0.18066019
3.240172
3.5394437
3.4316354
0.46373808
0.4154942
5.4695497
2.8457165
0.64116096
3.6153543
2.7264204
0.9682238
1.2112533
2.6041632
0.63657224
1.0010827
1.638397
1.0333545
1.4538143
1.7709641
1.3025956
1.1785779
1.0371859
0.34192407
2.6194506
2.7307043
2.366645
0.97715896
0.9201081
2.475613
2.209505
0.7339246
1.0790789
1.8401952
1.4480264
2.0856144
2.3433545
1.2154241
0.94287974
1.3952796
1.4747694
1.448868
0.4985663
0.9964008
1.8400536
1.8632405
1.6028173
0.96175104
5.43005
