1.6606297
1.7687902
1.0127435
1.027285
0.71239984
3.0793128
0.7680622
0.32711023
4.4810777
1.0298129
1.1601552
1.3994323
1.3434839
1.5136726
0.8581991
0.9762551
1.1169887
1.2285607
1.2535634
0.7143055
0.9901877
1.639962
1.5097673
1.1369209
0.9823671
0.61353403
0.7911243
3.4932911
0.7409602
0.64003986
1.2039375
1.0799799
1.8353317
1.7092748
1.2106099
1.1088278
1.5397303
1.1729736
1.342962
0.91100746
1.0743244
1.5724567
1.8160512
1.0631235
0.53385514
2.3296585
1.7714432
1.1300569
0.63639045
6.8389835
0.24764137
5.599478
3.5678895
0.3799285
3.844992
1.4175186
1.6253818
1.207227
1.2789359
0.77957535
1.4036517
1.6342539
0.6560683
0.6374661
1.8189502
1.5182977
0.8615849
0.8619088
2.1941738
1.3102674
1.3003976
1.3677275
1.1522017
0.9673511
1.2126377
1.2532939
1.2008408
1.1780181
1.28542
1.0366197
0.98839295
1.0756607
1.3381574
1.6736792
0.93823516
0.8027581
1.2670178
2.1499798
1.4843812
1.0670791
1.3326796
1.0007634
1.1393305
1.1293688
1.4305873
1.1530782
1.3006312
1.6216788
1.0370039
1.3526185
1.5725079
1.3127469
1.4585702
1.0424634
1.2054183
1.9651719
0.24972901
4.4492164
2.2650661
1.2081803
