2.9653783
1.9384811
1.1573968
1.0616755
2.5837903
1.8455031
1.3492405
1.5114398
1.8025626
1.3925858
1.3530432
1.9484375
1.0281492
2.2278028
1.0981064
1.5555075
0.7019458
9.221666
0.4993235
1.9060538
3.2325141
1.8406329
0.90493345
1.8016852
4.105096
1.1816766
0.553418
2.9673805
3.5559244
1.7919819
1.0384858
0.80255044
2.6525307
2.4832
1.0368999
0.8042141
1.3664573
1.5605702
1.6706398
1.7819196
1.7325424
1.410188
0.8126054
1.930021
1.4490693
0.9088605
2.611407
0.9855372
1.2591842
2.6926389
1.4451741
0.72973764
3.0023475
0.8057067
2.107817
1.0804706
1.9274251
0.9489746
1.9754317
0.82685024
1.2497845
2.2824693
0.4933559
1.3806648
1.3058734
1.584871
2.4641244
1.767282
0.45458525
2.477569
2.6772113
0.21453115
6.6542006
3.1735158
4.576972
0.5188145
2.1614532
3.0391014
1.8843546
2.9344788
2.0459256
1.2604591
2.7000313
2.6041598
1.9285381
1.5767272
1.3094676
3.4058542
1.3804924
1.129493
1.441303
1.5070713
1.9502395
0.6975399
1.1779876
3.1913264
1.7664804
1.1384965
1.59508
1.9849019
1.444795
1.346037
1.0241365
1.5121983
2.1089165
1.5014275
0.8458909
1.5519304
0.99762994
1.5448072
