1.0978942
1.1804243
1.1705447
0.8418462
1.8628601
2.0551353
1.1129991
0.42688262
2.106027
1.4360135
0.48661923
1.3675042
1.5617006
0.6690242
2.5412822
1.0358255
0.77065164
0.9643551
1.5407009
1.8259649
1.238234
0.7751922
1.3276527
1.2285256
1.8365421
1.5598931
1.3624978
0.79524404
1.837472
0.5866284
2.113796
2.7585826
0.78436315
0.8915224
1.3894529
1.5012281
1.6230042
1.283891
0.9209369
0.6013646
4.8719444
1.3021519
0.81950605
2.2294188
1.822986
0.67659545
1.0397408
1.2042009
1.6212816
1.5797832
1.433837
1.089499
1.2107396
1.6811945
1.6729057
1.1883208
0.9987712
1.6805186
1.6724523
1.1176245
0.79787815
1.7664385
0.48612845
1.1660421
2.689764
1.7314284
1.0681292
0.651472
2.5370693
1.8688028
1.3115323
1.3335766
1.3649435
1.0108194
1.2107146
1.3923236
1.2568172
1.1093696
1.5099992
1.1525258
0.8366436
0.74616903
0.78894436
2.800355
1.0985556
0.23202437
2.3943233
2.4377012
1.1838675
0.73136485
1.0022966
1.1574806
1.1435082
1.2965682
0.6347532
1.0728317
1.5765743
2.1602879
0.7092823
2.56487
2.1119208
2.108721
0.918972
1.1897599
1.3495448
1.4426851
1.5851226
1.7596304
0.9394834
1.3256425
