3.0335913
0.745272
0.81104
0.6998211
1.2237266
2.1569371
0.33068472
5.3119917
2.873005
0.4286927
3.9602203
1.9014449
0.21167406
8.912423
0.35112888
3.15787
2.8818321
0.5624255
2.6544533
2.1474395
1.4655306
1.0822529
3.609946
1.2333213
0.83684117
0.8926048
1.2898519
3.3021655
1.9258009
0.44258648
1.3528705
1.0745783
1.9554856
1.1559818
0.43807322
3.307181
2.3059044
0.5308701
1.5913184
1.7188988
1.4515464
1.1317812
1.9496307
1.3676119
0.87659764
1.3603307
0.7318121
1.2071366
1.6107788
0.9255203
0.6454774
1.839711
1.3943949
0.7458891
1.7468776
1.77791
2.8384535
0.8824977
0.59181905
1.4946821
2.2793128
1.4913335
0.49361572
1.2221807
1.9888409
1.5485039
0.6585193
0.89937323
0.956476
2.754037
1.8391044
0.4102707
1.2716424
1.5566077
1.6694193
0.97914225
1.9897527
1.8131305
1.450439
1.6138815
0.925089
0.99421847
1.3678001
0.98370516
1.1338296
0.9901526
0.5568513
1.3009403
0.5736598
0.8994148
2.0487146
1.5002319
1.7125326
0.97875476
1.1745374
1.7050877
1.4705017
2.067518
0.67879254
0.9689692
0.895792
1.3029573
1.9704226
0.26283738
5.087517
2.6732826
0.55040514
0.8262897
3.2717233
1.8876846
