1.9121847
0.81475854
0.4815299
1.2393522
1.6985644
0.45289105
2.5244355
1.0584145
0.5357206
2.7242432
1.8696545
0.75607693
1.1155803
1.0241541
0.5812823
1.8185389
0.6147876
0.8706385
1.8917886
1.0845877
1.5142951
0.53749275
2.4882526
4.107312
2.0691571
0.22014225
4.1271734
1.6766808
0.6070529
2.6319623
2.5781517
0.5710834
1.3095703
1.4952923
1.0912788
0.4210024
1.1496562
3.2260592
1.8962507
0.6259723
1.3328531
0.3138513
2.7926514
2.2567
0.27828205
5.209509
1.626514
0.91554314
0.52929616
1.5040915
0.77352685
1.4260015
1.2084509
0.6083078
0.60150653
2.1941457
1.6175181
1.0218407
0.581094
1.6052145
0.88224804
1.0087501
1.2805885
0.7610572
0.63333386
1.440884
1.3924713
0.9260262
1.8213398
1.364475
0.7181707
1.7769935
1.3136971
0.9504283
1.1225044
1.5351169
0.53520393
1.4835451
0.86972725
2.0368004
0.53252363
1.0562572
1.6700853
0.7248967
0.84669185
0.8693795
0.94452286
0.910094
1.948726
0.47182897
1.3056422
2.2097914
1.6639321
0.45454824
1.1847126
1.6866152
3.0847955
1.3420532
0.90689003
0.9461824
1.461019
1.2303137
1.2876081
1.3266224
1.5452116
1.1082983
0.5791913
1.6338398
1.4542234
1.5782449
