0.3698691
6.1608
0.18173227
7.344427
0.44730702
2.408307
0.96227574
1.1229253
2.9589436
0.8570883
0.30860454
7.756463
0.36359602
3.4919755
1.5749339
0.2080854
9.806444
0.4264655
1.2370435
3.0002327
0.14764616
8.358433
1.2989626
0.40624872
2.6519737
2.6878915
0.8546927
1.1968163
0.9951702
2.5506926
0.96323144
0.61456984
1.2175064
1.4845613
1.4918067
1.0801528
0.44151783
3.7701304
0.83897215
1.0621558
1.2369113
1.7487147
0.37031886
2.8293855
1.299243
0.81690955
0.95128095
1.8036505
1.6628686
0.8135272
0.876005
0.75569683
1.6314523
2.17068
0.3185037
3.1278887
2.0827308
1.0533147
0.3997862
3.009424
1.6925993
0.3884191
2.9986253
0.9861332
1.0147415
1.2553428
2.075582
0.5703825
1.2276902
2.6322727
0.5566345
2.7308378
1.9677284
0.42522275
1.6045027
1.888943
1.1734574
0.8596108
1.1341157
1.2020943
2.3586235
1.3016815
0.62758636
2.8833525
0.6729363
0.8027869
1.1030008
2.357608
0.8988695
0.8759485
1.3051326
0.8329897
0.75443554
1.061894
1.3762739
0.4593513
1.8174912
1.7514888
1.6375687
0.5922955
2.793065
1.3093657
1.204322
1.0078793
1.5891793
0.81232345
0.8244515
1.102742
1.1822815
2.2123103
