2.0626721
1.8113546
1.9721155
1.9557402
1.2449793
2.4286573
2.8747542
2.4078622
0.74459803
5.5440283
4.0554867
2.3997588
2.135587
1.2924886
1.571911
2.1731744
2.13381
1.7496754
2.1917524
1.8451082
2.3096583
1.8207312
2.1270509
1.0608273
1.4362726
2.5130963
2.1204019
2.8898964
1.6934031
2.135378
1.440557
1.4685687
3.230482
4.264176
2.0947547
1.8781252
2.7221575
2.0207038
7.0671916
0.94971806
1.0531554
12.094956
0.1890471
16.007275
1.4640052
6.260868
1.8942528
1.0304959
11.836568
1.2236655
0.960169
12.1450615
0.7600936
2.3525763
4.11213
1.0360565
2.3959956
1.476954
0.5149456
9.777431
1.0652945
1.1473162
5.588452
3.3078928
0.7492784
1.1561708
4.2182136
1.8214955
1.1204369
1.2233298
1.2467818
2.2670841
2.5356972
1.7205858
1.0433412
2.3056996
2.0509336
1.3455787
1.0629349
1.3691572
1.9171057
1.77466
0.5207025
3.9002123
2.5277824
0.77258396
2.2723842
1.9874865
2.191433
1.3610761
1.0720322
1.7669255
1.9014609
4.1326437
0.57761407
2.0241473
2.0038445
1.8886445
1.8475988
2.5472858
2.131742
0.87359965
0.83889496
1.405851
2.004407
1.4261382
0.82047296
1.3637187
1.9026814
2.6836066
