3.298142
2.173008
1.8439734
0.9376979
1.6576132
9.171375
0.28540403
10.5596285
0.51051855
1.7831097
4.2453065
2.4864314
1.183447
1.827711
1.6571932
1.9207361
1.2948849
1.0752697
4.7611833
2.2137713
0.50695026
1.2909021
2.9617817
2.9789314
2.009895
1.6550086
0.8405428
2.6154947
3.3928554
1.1300077
1.1145978
1.7591771
1.2701607
1.9032497
1.7635782
1.9147019
1.449033
1.0793264
4.1867666
3.8805416
1.0093436
1.6341865
2.1965756
2.2225997
2.1517844
1.3141167
1.1845886
1.6416445
2.188179
1.2816958
0.91008985
1.058257
1.8041089
1.3660916
1.0964165
2.3063176
2.3872018
1.3983595
1.1938612
1.0242232
1.3144908
2.1037374
0.5515555
0.7865304
3.219267
2.3647268
1.6444151
1.2828519
1.48371
1.2991138
1.6004562
1.519489
2.196784
1.5282722
2.5319242
0.9933415
0.9235368
1.7534909
2.0426018
1.4074259
1.5491438
1.8771176
1.6793143
1.215032
1.4289186
1.0191835
0.74053574
1.788342
1.886081
1.031245
1.9714845
1.457488
1.4144785
0.8845056
0.5808845
2.3228323
4.732297
1.9536618
1.0481833
1.0491328
1.6863027
1.7455969
2.2555366
1.7674837
3.2433548
3.8964767
2.8531508
1.887528
1.3752956
1.9015286
