0.9104416
1.9388433
0.60279036
1.0325856
0.53683573
1.4200416
1.5187473
0.9415031
0.7194797
3.7646341
2.1158607
0.8941485
0.97439945
2.3291502
1.8889344
0.6683979
0.7090879
3.476953
2.504966
0.78227127
0.7091555
2.4894476
1.342664
1.1348817
0.9517558
0.77322596
1.8410783
1.8295549
0.79408157
0.8304156
2.7024903
0.44910008
3.6998432
0.4088596
2.5388696
1.6047716
1.3051695
0.98420936
1.2788047
0.60541034
2.0926232
1.6751213
1.1867836
1.2494109
1.6180028
0.43235338
2.335727
1.0730785
0.912972
0.80893433
1.6574719
2.5143712
1.2725967
0.28381073
4.0783987
2.7951715
0.27225512
3.7836432
1.8246877
1.574018
1.0854273
1.8277814
0.93573236
0.45113355
4.5871487
0.5094528
0.45176405
1.9736114
1.6165428
1.5107682
0.524521
1.3092129
1.5255988
1.0594001
0.46457496
3.8052173
2.1268272
0.3523141
3.4488955
1.8095016
0.80528474
0.9934428
0.9968137
1.11781
1.0788932
1.1785959
1.3136508
1.0435644
0.9801897
0.72848904
1.8442171
2.2188792
0.3894745
4.4024997
2.266634
0.90452707
1.4108827
1.6122898
0.30072516
3.9776464
2.716148
0.5048909
2.0105436
0.9156494
0.8852123
0.7144203
2.7990599
1.6284976
1.016154
1.1046542
