1.1122642
1.2381985
0.3370041
5.021164
0.27080753
3.4000793
1.7165257
0.2016244
4.764317
0.42174464
2.8900337
1.079443
0.57276124
2.0703082
0.95371246
0.36685434
3.8250983
0.6512269
1.1566358
2.8802323
0.2820192
1.471295
3.0107665
0.46120736
1.5416452
2.2212238
0.73263824
1.3474233
0.9043032
1.3195728
0.48088226
1.5266331
1.4746423
1.2002647
0.3911385
1.5529823
1.5383704
0.26482213
4.0633082
0.7773943
0.59087133
2.3769321
1.5271182
0.4583294
0.8718988
1.4103621
1.1424837
0.5284805
0.9470508
1.4092414
1.8938658
0.33457395
1.0562851
1.2983837
1.4039562
1.0816102
0.5825238
2.728967
0.7722877
1.0122328
1.4129419
0.39623412
1.435952
1.8901175
0.21644211
3.1055222
0.8618673
0.7480327
1.5648797
0.95111
1.0742869
0.6722195
0.77603596
2.8365226
0.60529184
0.29173893
4.924712
0.28680182
1.7151558
1.7710707
0.34930947
1.4047735
1.0925046
0.76906633
0.8566264
0.6121641
1.3684268
0.7565465
0.6933733
0.78614736
0.46326315
1.8278527
1.5916867
0.69989884
0.62995297
0.9031837
1.1803892
1.2388624
0.50998735
2.4462771
0.7269826
0.4945654
1.2791653
1.1477176
0.4068506
0.8309658
4.186029
0.23209324
5.0575957
1.3726435
