1.6364753
1.2093703
0.82537997
0.90673167
1.7434392
2.264265
1.491492
1.5297304
1.1668501
1.6827441
1.7808595
1.1186011
0.7813479
2.6095195
2.187369
1.0567801
1.2236843
1.9572787
2.426866
1.2924742
1.6209192
0.6383591
1.3174224
1.6270927
1.2285986
1.2115495
4.6481147
1.146377
1.1227492
1.4464391
1.5798792
1.2605735
1.2968007
1.8907413
0.90749776
1.5144546
1.9245288
0.39677662
6.5013895
5.7688046
0.78182006
0.5447243
2.4317737
3.525471
3.2876744
0.4470321
1.2411242
1.8946371
1.9513364
1.3501507
1.5654838
1.3634965
0.97848797
1.0955395
1.1584444
1.4148432
1.10672
1.2808548
1.4859424
1.3991605
1.6823733
0.4929423
0.7577745
2.465342
2.4178855
1.4340141
1.0446126
0.98464024
1.6713935
1.6349242
3.1629658
2.2691002
1.5225784
0.727844
1.5312104
1.3457994
1.1723295
0.8093577
2.8155336
1.0642158
1.4765003
1.6925981
2.2433288
1.376182
0.70558476
1.3571312
1.6040401
1.7983958
2.1900039
0.859398
1.2165123
1.0545043
1.4364865
1.9796011
2.0166755
0.5411969
3.2051423
2.9806964
2.0514731
0.86329263
1.0903296
2.1494074
2.4234056
1.8402292
1.6541035
1.8569064
1.5945945
0.8866291
3.4694536
3.5284617
