1.4294119
1.9046185
0.65315676
0.6784373
1.0870187
3.005712
1.1609492
0.31052452
2.8266783
2.2395713
1.5626767
0.19026437
0.7803303
5.617988
0.89637744
0.7067996
1.6159077
1.9555355
1.9945377
0.6051345
0.8063127
2.4722314
2.0762463
1.3081739
1.0527279
1.2227199
1.3444467
0.97819966
1.8799906
2.1245332
1.1343002
0.7357305
1.773941
3.0307772
2.3379016
0.80187666
0.9005533
2.4970121
1.3348088
1.1320815
0.66158247
1.6316776
2.008761
1.5037428
1.1240219
0.47008416
1.9411983
1.9344171
0.9590662
0.74586606
1.3489904
2.1145637
2.0025406
0.5643223
1.5052568
1.0128422
1.6801455
1.8535202
1.3047681
1.3297362
1.3584224
1.3246299
1.7772322
0.8688464
1.3120282
0.96304053
1.6712978
1.1228572
1.543092
1.296517
2.2533712
0.95848954
0.97424954
1.2315432
1.5648067
0.5042178
1.5760293
1.6926773
0.38441026
2.1648433
1.2653289
0.9448764
1.0036148
1.2188389
0.8929677
1.7228736
1.4933943
1.2563432
0.80828595
0.9181247
1.3408048
1.5624344
0.83965874
1.1967981
1.5211383
0.9475821
1.3079754
1.4672307
1.2713201
1.331492
1.1073582
0.73374873
1.0795307
1.062246
1.7029035
1.8222078
0.37758204
0.8485333
3.122454
3.1673026
