2.3926253
2.6504805
2.3043709
1.9829687
0.8359646
5.1460977
5.2695146
1.2779231
1.8238224
4.4483833
3.0348678
2.7793918
0.96103835
4.399328
3.5641918
2.4478464
2.3490372
3.1347814
2.41083
1.4252282
1.6021216
1.9341105
1.681636
2.1736531
2.6402428
0.354689
7.425675
1.8225513
0.97617686
3.23025
3.1438892
3.6861892
2.0977044
1.5879742
2.0341423
2.3549647
1.7819749
0.726418
7.668312
4.0835104
2.1277099
1.1817524
3.012805
3.4534419
2.8725953
2.1066818
2.1067028
2.693678
2.081743
2.4267583
2.7005353
1.5440333
2.2062392
2.1324964
1.8812933
1.4087353
4.1284924
4.0301237
3.5776932
2.172677
2.8952365
2.4022446
2.7151964
2.254635
1.7690517
1.3606217
4.143695
3.615317
1.9274213
1.8409507
1.9621961
2.1109815
2.5289392
2.5470493
2.6870358
2.535128
2.486455
2.2639446
4.352474
2.0771608
2.2153802
2.3664427
3.250153
1.2881184
1.792372
2.951292
3.4953923
3.10088
1.550664
1.386112
1.9569118
2.4838166
2.4250898
2.2183022
1.9143142
2.1925993
3.026874
2.2265313
2.631415
2.234196
1.5619807
1.9808428
2.6530151
2.027186
5.719863
4.2506614
2.7134528
2.2248497
3.1374888
3.3216999
