1.985041
1.9955089
0.38386714
1.0946195
1.1377313
0.5780251
1.4018625
0.4676936
1.3158314
1.5102384
0.37190095
1.8597372
1.6151377
0.32908714
1.2268264
1.3941389
0.4852442
3.5135329
0.94289666
0.5277679
1.6150706
0.743446
0.8013428
1.4501374
0.7749667
0.9167135
3.1071208
0.32000804
1.1186802
2.2178283
0.22358975
3.6145375
1.9768674
0.2508623
2.0020847
1.8900061
0.54713434
0.63441706
2.1085582
0.19574973
1.5799752
2.3356924
0.65687776
0.5808816
1.8794081
0.6641468
1.447355
0.81133187
0.6038513
1.5338366
0.60327816
1.0208323
1.177789
0.91538227
1.1558768
1.6283362
0.21595925
3.9310508
1.1490965
0.3183044
3.229613
1.1080106
0.6702323
1.4336495
2.0210333
0.5216528
0.5928333
1.2524889
1.5463467
0.7566674
0.43794674
1.464273
1.4307771
0.36139968
1.7347345
0.68182576
0.9629458
0.8825815
1.1195303
0.6923941
0.6959422
0.9956506
1.0764605
0.69219303
0.8119136
1.5377502
0.53108406
1.6587359
0.7240984
0.46529043
2.197875
0.8219234
0.61605346
1.9259138
0.51540965
1.5207039
1.8251326
0.30757523
2.0335436
2.5173495
0.33638126
2.0749261
1.3624556
0.327363
1.9954133
1.3354642
0.30097443
4.1804533
0.92463243
0.89925045
