2.7880738
1.3610078
0.52971435
0.5028893
2.2628255
0.4692588
1.7866652
1.3847812
1.5774302
1.3493044
1.5761055
1.6737305
0.62290317
3.70756
0.76265687
0.52334064
1.826662
1.7872987
1.3847013
1.0981953
0.54463613
1.2832189
1.9142501
2.1955867
0.5667124
0.4572691
4.097027
3.1061144
0.27060556
2.8791037
1.4769617
0.94517267
0.73274827
1.6357821
0.33342952
3.2706108
2.0531259
0.2634833
7.8801794
0.40004295
2.2688642
0.82770646
1.8027399
0.7075678
1.7433627
1.0373677
0.8355841
2.3892624
1.2006383
1.7077566
0.40193525
1.4923706
2.1318445
0.22171995
7.7949862
1.1235651
0.73362863
2.1893387
0.6804018
3.3670242
0.78661585
0.21094443
4.7732735
1.4466007
0.25599653
1.7430259
2.7918892
0.42870528
4.6782446
1.1264529
0.50507486
3.0716982
0.89462924
0.3615608
8.499128
0.64944094
0.9460566
1.2413695
0.39351705
3.452678
0.5698316
0.20545377
5.948743
0.16608205
0.8921339
4.3225517
0.1309275
8.5399275
0.13616449
7.661636
0.18993388
7.975591
0.16815296
5.181434
0.13599041
4.615493
0.8339671
1.6502035
0.540663
4.224063
0.26548135
2.2172868
1.635896
0.6855272
1.1978903
0.91184103
1.0465966
1.4877207
1.1668868
0.3948816
