1.3231119
0.63668734
0.6373208
0.7101287
1.2464721
1.2295758
0.94792706
0.5866542
1.1359532
1.5242937
0.90081024
1.0676711
1.8527492
1.0206684
1.0014188
0.82947433
1.5721655
1.4324439
1.3380902
1.6325059
0.35446033
1.7850995
1.4729605
0.68552387
0.73264587
1.4820776
1.1916989
1.1434504
0.91813934
1.8719227
0.16610163
6.230393
0.416596
0.8106328
3.4820862
0.4916338
5.3735886
1.7869806
0.52724355
2.9157884
2.089023
0.41601092
1.676764
2.1396832
0.29216978
4.604582
0.51959836
0.647778
1.1533537
3.9537177
0.41027924
1.9513845
1.0115254
0.48492163
2.2416754
1.1659143
0.9422705
2.3408928
0.79211843
1.1712246
0.27637
7.7724776
0.35946405
2.1461306
0.9999391
0.62874204
3.8493419
0.19898254
5.0775466
0.4647991
2.9911332
0.8796801
0.39495677
5.093053
0.36550564
0.74435073
2.4986045
0.72098064
0.67468756
1.7715026
0.6517254
0.9116659
1.5177658
0.7730843
0.43021148
3.6839147
0.2387349
3.343179
1.3180742
0.9705645
1.0887104
1.3925751
1.2821417
0.7699199
0.9401152
0.6585807
2.1714852
1.0261632
1.0483758
0.9831525
0.8933747
1.7783017
1.446361
0.34382582
3.620198
1.0153372
0.28575772
2.9412537
2.5289793
0.8440256
