1.5595908
2.0396185
1.0628263
0.9986654
1.5502157
2.2672205
2.4855046
1.2188928
0.6390945
3.6201317
2.9890041
1.7733772
1.0954595
0.97015023
1.3883159
1.4730484
1.344415
1.1974537
1.4885068
1.5386801
1.4136853
3.3106976
0.37950498
4.069426
2.6088188
1.8493705
1.5005963
1.0657527
2.4425366
2.5506306
1.0709236
0.88540375
1.8749421
2.3497849
1.9500599
0.51908755
1.1084555
1.212894
1.8738068
2.2118435
1.6873698
1.1488127
1.2113644
1.2487277
2.354405
1.2997751
0.9339807
1.3571794
2.4286761
2.3535593
2.2841296
0.9923022
1.0398281
2.0618653
2.062119
2.279397
1.545557
1.1844261
1.772721
1.5439632
1.9554571
1.664691
3.4883893
0.5213276
3.3965242
2.7860475
2.7822113
1.9067867
0.87337625
2.2205703
2.2215533
2.3832989
2.188734
2.0084534
1.7916553
1.5948269
1.9487625
1.510583
1.1161613
3.3559678
2.7577128
0.6198249
4.899846
2.3734026
0.95841587
1.1053302
3.511578
3.7473655
1.9685776
1.1600394
1.4635117
2.793285
1.7864563
1.7590865
1.456632
1.50161
5.6699557
3.8627
2.756868
1.7273871
1.3535542
2.1472993
2.9328804
2.6258166
2.197558
2.312036
1.1101031
1.4152642
2.6920922
2.432941
