1.6131322
1.3073993
0.9694758
1.0742991
4.0769935
0.8096088
0.78219044
3.746407
2.0554514
1.5555648
1.4801553
1.242226
1.3898191
1.1051064
1.269008
1.9662589
2.0276651
0.8699285
1.5954858
1.3670685
1.9576107
0.67291784
2.1044002
2.30823
1.6163262
1.704905
1.471114
1.1531222
0.99756265
1.2065743
1.9087149
1.0074896
2.1155622
2.4322104
1.124276
0.90059733
3.5265088
2.0002031
1.6520146
0.47857258
1.9367913
1.90931
1.8903956
1.5782782
2.2159154
1.3567412
1.3783801
0.9350027
1.3691999
4.425128
3.4945605
1.4662528
0.9537762
1.3125377
3.858079
3.982617
2.231807
1.4458089
1.468885
1.4977057
1.895068
1.5401685
1.2390528
1.1397296
1.9930048
1.8907759
0.9009545
1.2578005
1.750381
1.8967261
0.74903107
2.807166
2.2592435
2.2289276
1.9506259
1.2567225
1.0951562
3.0110075
1.1032107
1.1512123
2.8596761
1.5334681
1.4396038
1.1981416
1.314477
1.2558448
1.413696
1.5858554
1.2691158
0.94445455
1.3573552
1.8992612
1.7362715
1.8045695
1.6262888
0.8355162
1.7290411
2.405225
1.6569172
1.2373369
1.8896371
2.3318326
1.1790732
1.8494542
1.1359941
1.4413832
1.8228048
1.4337416
1.2862303
2.0282693
