1.4001768
1.2665333
1.0578835
0.6957811
0.5162492
3.0703547
2.588709
0.8747627
0.56719375
4.1259413
2.2203708
1.3893279
1.3030028
1.3406341
1.799085
1.3382025
0.96548784
2.0021188
0.778875
1.2677962
1.5630531
1.2890949
0.76900494
1.7329652
1.0737653
0.91931444
0.6755748
4.5370803
0.27624857
2.914952
2.4151258
2.237221
0.49360085
0.7517157
1.070116
2.083682
1.2050816
1.5515027
1.7575624
1.4383491
1.5964376
0.38761437
2.3694499
1.8012692
2.0326285
1.4485749
1.3314217
1.4360335
1.5783662
1.9137198
1.7755821
1.3991601
1.3259805
1.1810666
1.4989536
1.4390609
1.5287068
0.5313426
2.6020596
2.6659594
1.5775248
0.56479466
0.70631886
0.86447906
1.2438643
1.5382915
1.7109853
1.8691463
0.8691834
1.6024716
1.4741023
1.503883
1.0237944
1.0
1.1310955
1.8460867
0.74508464
1.5396047
1.3091519
1.8351834
1.2575568
1.5322797
0.9316571
1.5057938
1.6596429
0.7436136
4.870376
3.3296056
1.1524875
3.6973844
0.35942513
4.791325
2.6470513
1.6514342
0.88617194
1.4586744
3.068534
1.2279701
1.2260705
1.3106236
1.2159822
1.387938
1.5804107
1.4974643
1.2321951
1.2345669
1.2615142
1.4727304
1.1114392
1.5086305
