1.8934264
0.46866864
3.2580028
0.21736363
4.4745283
1.1532404
0.6357795
0.89949
2.534328
0.99670035
0.8265699
1.6543535
0.6291492
1.7576559
0.7797265
1.1831474
0.96239126
1.3726765
0.97495705
0.4725691
2.3565524
0.2846494
2.5984602
0.9154675
1.4556751
0.60267293
0.84968185
1.8054533
0.20143397
5.907282
0.60816276
2.6702785
0.7752683
0.2211251
4.4334245
0.5705948
0.9384307
2.2793846
0.40166903
0.95038456
1.5074323
0.70939
0.75607884
1.2655499
1.3440523
0.29573852
2.616801
1.6135486
0.1907686
3.6576552
0.5853728
1.1182679
1.9563341
0.26368162
5.4413996
0.52466506
0.2870708
4.3177576
0.44123232
0.95321435
1.7723789
0.34726372
3.5488992
0.5222033
1.6511195
1.3616772
0.46533725
1.0069914
1.6652167
0.54058933
0.89991665
2.4444532
0.35067788
2.188285
0.55441284
1.5987761
0.3460924
1.9266622
2.5181494
0.3958134
1.4453373
1.1546983
1.1371648
0.6042527
1.5651996
1.090404
0.8253727
1.4328036
0.31805494
2.7444794
1.2073796
0.6120406
1.3975511
1.4627593
0.46554205
2.6405323
1.6762464
0.34850407
1.328045
2.0370665
0.2795207
2.8346152
1.7378043
0.2922125
2.786481
0.66913944
0.98745936
0.98109156
1.8810984
0.33356592
