1.5447292
0.44109845
1.7680466
1.1686265
1.0759082
1.5764961
1.1045573
1.1650488
1.0184431
1.324195
1.6708288
0.8856372
0.9589108
2.0419922
1.2121758
0.8650106
1.0915815
0.47410193
4.646204
0.4389533
2.2009654
3.0862246
1.7637715
0.5135877
1.5231447
2.1504025
0.58075106
1.3232336
3.2764444
2.0640788
0.8405833
1.0886619
2.7864082
2.5911837
1.390159
1.518942
1.4659908
2.5926795
1.6595917
0.8671018
0.58945346
1.9261191
2.3600457
0.9517162
1.6424758
3.1567647
0.3086792
1.408725
2.4105206
3.0069907
0.15198523
5.0506496
0.85165656
0.84203494
1.433135
1.6101452
2.2600918
1.305608
0.9131677
2.8703318
0.5875017
1.7565373
1.8183478
1.2918887
0.14840505
11.909893
0.3088743
4.9226217
0.1575377
12.430319
0.26388514
15.1794195
0.18469669
11.770765
0.10479393
13.279509
2.039079
0.39434594
8.181909
3.1337082
0.19509208
2.9454918
1.3513017
0.82816774
1.8815303
0.83199364
1.2560084
1.8955528
0.691076
1.5866756
0.8710865
3.26704
1.0391643
0.93244886
2.5041914
0.7200929
1.8864387
0.5719878
2.8857577
0.6133764
1.6478703
1.5260217
0.9634924
1.3501582
1.6881175
0.95646906
2.0495882
1.8190947
0.79698586
2.303524
