1.9892619
1.7143217
1.3535233
1.5626171
1.3926858
1.8251894
2.1765144
3.0343268
1.1182665
1.0058728
1.6291306
4.798797
4.5087
1.2150669
3.1570895
2.4823246
2.778274
0.64825404
2.903513
2.2547255
1.9887345
2.0023131
2.142581
1.8894125
1.0855074
1.5020474
1.4966991
2.2031405
1.8459637
2.4140835
0.9094253
1.3646164
2.0622382
3.0184026
2.6131477
1.1760503
1.3009446
2.1160169
2.3896194
2.0669003
1.2305641
1.8947437
1.6731471
1.9279537
2.4151366
1.3548164
1.622934
1.8995605
1.6775258
1.8682708
1.2806182
1.377588
1.8809915
2.2296345
1.2554072
1.7493457
2.4742303
2.7735276
1.3460057
6.952945
4.989072
1.4276136
4.212372
3.7671683
3.0088763
2.759193
2.1825643
1.0176945
5.1265516
3.4027352
2.715456
2.8127162
2.7169466
2.3452923
2.3401718
2.7925391
4.6224055
2.1088793
2.3869472
2.3969727
2.4141538
2.3238735
2.1356795
2.0297103
2.336844
3.2439866
1.474727
6.174493
4.8101416
2.1730123
1.4112967
2.187841
2.2116754
5.6988993
3.5384054
2.1348784
1.8555149
2.8619094
2.9701722
2.6170874
1.7627492
1.6188444
3.5303922
2.3260546
1.6864083
1.8260808
2.0306454
4.500265
2.8250954
1.9380081
