1.4789556
0.86441696
0.7979382
0.9215888
1.2769337
1.9752225
1.7371123
0.938793
0.71791166
2.1428604
1.3769164
0.7500373
1.1837281
2.3802423
1.6363673
0.9316344
1.4289024
1.3695483
1.6887019
0.8382706
2.097338
0.18753998
2.8646111
2.280683
1.9420063
0.1407485
6.1699724
1.4446738
0.77282107
1.9153366
2.2777808
1.2994432
1.4000593
1.3450167
1.6584898
0.55951107
3.2554383
2.3337677
0.2277089
2.8502512
0.59004813
1.0372212
1.2646427
0.8027217
4.697583
0.38488692
0.38554418
4.7608695
2.667563
2.2579062
0.7715599
1.2778198
1.4308646
1.4754237
1.3505814
0.5085788
1.6066326
2.2174644
1.1717359
1.3517047
1.4381186
1.7975328
1.3625392
1.0195425
1.4677052
1.7975807
0.64313483
0.25010103
3.3034534
2.4589334
1.0654218
1.5808897
1.5058864
1.3776075
0.48589802
1.1570274
1.6827824
1.8129983
1.146836
0.89197993
0.85447705
1.88803
2.173604
0.34894478
0.9369676
1.9209745
1.97884
1.4924648
1.5731719
0.51772213
1.1573237
2.794207
1.9003414
1.1820095
0.9932868
0.78100026
2.3513498
2.3630304
0.7324398
0.6637026
1.8569335
3.9024954
2.6791656
0.89039797
0.9034883
1.6512368
1.1631916
2.1516078
1.4360855
1.8723336
