0.0315761
10.463758
4.8133154
0.14508532
14.226406
7.336296
0.9320264
2.856472
2.445358
2.0040255
1.8443874
2.5706506
2.444543
1.5381866
2.348434
3.5674143
0.5395694
5.574259
2.1150627
2.5288835
0.8850686
3.6251006
0.787969
5.5444098
0.81998765
2.1745403
2.4682386
2.436923
1.4140701
2.4132495
1.7570975
3.993969
0.92599267
1.0523313
6.7163615
0.39436343
3.0269217
3.7026262
2.781923
0.8769531
3.8205755
0.8964812
3.9648542
1.4098217
0.98583037
3.7484348
1.3140006
3.1233888
0.32075465
6.835195
0.88233185
2.830143
2.371576
1.900373
1.13109
2.665944
3.0218892
0.79933566
3.8802805
0.78870076
5.700511
0.44255218
6.450226
0.79914546
2.4845796
2.1262589
0.8198693
5.0844784
0.6069369
6.2427254
1.5381728
1.5179696
1.9619809
2.8630724
0.22385976
6.9948454
1.482939
1.0382841
3.4402564
1.5559735
1.0802338
1.244794
1.1862586
4.1523495
0.38078344
4.3826084
1.61796
1.333238
1.9427378
1.7153659
0.8285285
3.5405538
2.4798765
1.1506898
2.3597155
1.5919127
0.8998651
1.3624513
1.6331625
0.75376964
4.087447
0.58651376
6.506672
1.724899
1.039895
6.890564
0.38197428
3.8870866
2.1550002
2.1174607
