1.1768411
1.3177693
1.1158266
0.8739374
1.2682266
1.2925683
1.1848543
0.9603127
1.327437
1.9366884
1.7723268
1.2841707
1.0101858
0.80462044
1.6918097
1.6909637
1.4868004
1.185861
1.3601995
0.8744149
1.174955
1.1317348
2.135972
3.4157758
0.8169439
0.56313294
1.9738569
1.3374417
1.2141352
1.5065693
1.4812131
1.5622917
2.3618321
0.61420935
1.62098
1.4375296
1.1819432
1.5321919
0.49206397
1.3554535
1.3478079
1.00585
1.1467111
1.0539589
1.4080234
1.3796878
0.73071
1.0734577
2.3778267
1.0996168
3.1584167
0.3721019
4.268424
3.1769986
1.6690316
1.1667147
0.726981
3.240039
2.5283704
0.91412985
0.7551285
1.0290234
1.5353127
0.725635
1.0404818
1.7466348
2.2487922
1.390297
0.84975
0.7188705
6.019439
1.5849228
0.48383516
5.081465
0.26404107
2.316148
0.35842988
2.715395
0.8942575
0.99871325
10.679012
0.19097213
11.786066
0.03762009
11.372354
0.041351862
11.945635
2.8126276
0.046096273
7.5042715
0.85776484
0.44928595
4.1100717
1.0488745
0.6393856
2.663718
1.0276227
0.51467884
4.3505635
0.69864655
1.872747
1.9302443
2.1497822
0.64717114
2.746255
0.70703214
5.44324
0.45461273
4.4504366
1.1647091
