1.5577247
1.1794586
0.58784246
0.7275988
0.9806893
1.0744662
0.9992977
1.16978
0.6615516
3.6260784
0.3328662
0.75233
1.3083822
2.062273
1.0145242
0.8172534
0.44218296
3.800642
3.0618558
1.018228
0.566584
1.6378698
1.7979927
2.2950258
1.7934091
1.4609971
0.9938207
1.7615302
1.3655622
0.77238214
0.69860333
6.0538206
0.15647182
0.85761285
4.6171074
0.64126176
0.7772757
1.4179974
2.2728155
0.82140994
1.0113031
4.020405
2.6084461
1.6213123
0.54827493
1.1082771
1.689703
1.663806
1.0416131
0.5972319
1.2708497
1.8802812
1.362317
0.79490006
2.81201
2.6088326
0.8672828
0.96514726
1.1983045
1.5579493
1.6075816
1.7376959
1.396816
0.7533039
0.9994672
1.8433323
2.2381597
1.9418705
0.9572016
1.9492158
1.5693221
1.298217
0.9934407
1.5991061
1.8137008
1.5640477
0.6859639
0.9440533
1.3003621
1.6277921
1.0580516
1.4839712
0.8379082
1.2247086
1.5036824
1.3251072
0.92224085
0.8453301
1.9664004
1.2037435
0.9267137
0.92252535
1.3794663
2.2740774
0.84285635
0.8308299
1.57034
1.7271562
1.6290543
1.3859961
1.5488539
1.1323407
1.1267631
1.0709836
1.4664373
2.95262
2.0318427
0.17863719
5.938781
3.7422523
