1.6418146
1.2877488
1.2935952
1.0902108
0.9181354
1.632001
1.321986
1.1438346
1.0598938
0.8065227
1.6448339
1.4707929
1.0756166
1.1135161
2.3065722
1.6604017
1.3121436
0.58791757
2.4192028
2.4467487
1.1786214
0.456388
2.2210124
2.1313314
2.2005253
1.1251397
1.544548
1.6862007
2.7011697
2.2025208
0.9566438
1.8398309
0.8242963
1.4087849
0.9666369
1.3910182
1.4927704
0.9451432
8.139666
0.4977653
2.3547506
3.8527222
2.2476976
0.8859663
0.8419876
3.0827146
0.9383601
0.73123807
3.2631316
2.1330545
2.2358067
0.84157753
0.890273
1.1524405
1.2182837
1.4113078
0.6541076
1.0968633
2.521935
1.806695
1.069
0.55497277
2.9034176
1.166533
0.5952148
2.1816027
2.4406466
1.6454036
0.9948672
1.8417051
1.9649818
1.7464952
1.163608
1.2753272
2.10261
1.008173
1.6137455
1.273047
1.5382551
1.3555994
1.4226682
1.1166261
1.0750952
1.2805121
0.9153485
0.8051471
1.3442664
1.3201667
1.3528994
1.1895332
0.85012555
2.0151472
1.9524093
1.5738776
0.68661106
1.6665323
2.265673
2.20892
2.1129966
0.5081905
0.84091747
3.0298162
2.1665144
1.264144
1.3646196
0.9860973
1.7879891
1.5453584
1.4746561
1.5611534
