2.095745
0.40132177
1.2370857
1.4062965
1.2373533
0.73823005
0.90102863
1.0009931
1.0865011
0.8251987
2.5578654
0.5533855
1.2826266
2.4242523
1.5986574
0.43879208
1.9033809
2.3902378
1.7909482
0.5953806
0.9255787
0.9770592
2.6436458
0.75292045
1.276504
0.71979684
3.025916
0.48564094
2.784669
1.3419982
0.43009016
3.253541
1.6206045
0.68639636
0.6901298
4.5303025
0.44784585
1.894752
1.6633198
0.59676015
1.974955
0.31337965
1.1562226
1.628541
0.28632987
2.4884024
1.7975303
0.55053174
0.59051734
3.29676
0.47177085
0.47070923
2.2018328
2.5778584
0.3698904
2.7093832
2.2091937
0.79020274
1.1403306
1.2652326
0.8110441
0.5737748
1.4714607
0.9756143
0.4200716
3.1998825
1.0511897
0.38100922
4.1829805
1.0207416
0.71841085
0.94436973
2.3364112
1.1399165
0.2961669
6.6921864
0.6331706
1.1915226
2.8933296
0.37117934
2.1774926
0.99417
1.8926327
0.77541757
0.7284967
1.2638426
1.2699552
0.9464356
1.4065131
0.18893792
6.150446
0.8284143
1.0345428
2.3432667
0.8776872
0.73616326
1.6321001
1.0012418
0.48924172
2.950026
0.32350168
3.5059495
1.3395547
0.56653136
1.8750143
1.1051238
0.947766
1.5122328
1.2530715
0.67571926
