1.2919171
1.179916
1.0243454
0.7915884
0.9619421
1.09162
0.929842
1.187763
1.9902914
0.5915887
2.9061947
1.5573338
1.4214424
0.57633936
1.1032102
0.96771586
0.6284273
2.488271
1.2852952
1.5335447
0.4550899
5.555236
3.1002226
0.34159127
0.88216347
6.547616
1.0118337
0.6163238
2.5834057
2.121091
0.43079373
2.8216593
0.8609245
1.1644709
0.9181847
1.5112028
0.86014736
0.59870595
2.654176
0.43448716
0.526443
2.6580963
1.6761842
0.6376886
1.2731076
1.611203
0.39912716
0.9212651
1.5879635
0.63258123
1.5283237
0.6852459
1.1876755
3.2103574
0.5718655
0.9447851
2.3896594
1.6521882
0.8163581
1.8031268
1.0294185
1.1324124
0.9191847
1.0557771
1.6477435
1.2795033
1.2077315
0.81618166
1.2681994
1.1897229
1.5794659
1.1451908
0.45834437
2.3728256
1.1381817
0.4675479
1.962721
0.7957436
1.1338754
0.6080974
1.2020301
1.4446824
0.2850417
2.8956642
0.8378014
0.40153486
2.7518258
0.29649562
1.227697
1.0475951
0.78423613
1.5472229
1.1561141
0.5709326
1.0392768
2.1267385
0.7923367
0.8451011
1.9752331
1.1577938
0.55395055
1.2700434
1.0655544
1.3222619
0.55308545
0.74327624
2.063201
1.1933622
1.0057662
0.8984811
