1.0743208
0.99123585
1.2341927
1.0619788
0.46393543
1.1787112
0.9478911
1.9048679
0.4737075
0.8096395
1.6628822
1.461621
0.5564581
1.1127589
1.230414
1.0532916
0.8771023
1.9547386
1.1180958
1.1043477
0.84993416
0.68622774
1.5464349
1.3454483
0.42020315
0.7432771
2.6447525
0.519418
0.7293271
1.6591097
1.3131716
0.32764676
3.7205071
1.8356771
0.27172482
2.4872665
2.043859
0.37912825
1.465198
2.7250516
0.49281433
3.0454612
1.9623425
0.4948653
0.90095747
2.880188
1.090424
0.8271419
1.1772085
0.40433374
2.8343618
1.7850127
0.5120041
0.3981081
2.1600564
2.0339239
0.6287464
0.5327991
2.237514
1.9516723
0.7398392
0.47055
1.9599501
1.1840584
1.3780613
0.7716749
1.978135
0.32398653
3.9076755
0.84852195
0.5652983
1.4035333
1.7119248
1.0305092
1.3177574
1.1049912
0.8306203
0.7421807
3.0486374
0.18012948
2.5411103
1.8667835
0.41129008
1.9729903
0.7319842
0.63323545
3.108637
0.25255525
1.854916
0.7337304
2.0468285
1.168551
1.0819833
0.5641856
3.8540072
0.5695267
1.4315786
2.7119331
0.27834558
6.563779
1.9164929
0.21430448
4.4728346
1.5615216
0.3791447
3.6777568
0.8716378
0.32623172
4.9082613
2.5943415
