1.6569893
0.9318346
0.32840574
3.2600088
0.5896924
0.59995306
1.3026569
0.8013465
1.0230165
1.1262474
0.7493625
2.5044434
0.41909268
2.390925
1.2451073
0.2756886
3.4233434
1.0099323
1.0105942
0.559884
1.1754131
1.3090453
1.4493641
1.7616091
0.24616824
3.2994363
1.1820754
1.3496275
0.37661675
1.8543255
0.67682403
0.67867076
2.3274665
0.9131202
0.37297058
3.6109867
1.2223747
0.4116032
2.6135073
0.758737
0.34873062
3.3259223
1.196233
0.21519476
2.922573
1.401992
0.6565667
1.8367976
0.61523604
0.7697289
1.947811
0.48284224
1.518034
1.0415998
1.4258958
1.1950586
0.40397713
2.9365814
1.0892756
0.6410943
1.3312259
0.8935417
0.7672215
0.7120513
0.54287684
2.5983806
0.25405395
2.834085
1.1061845
0.7439483
1.0895991
1.1924415
0.869472
1.3882518
0.9596441
0.667804
1.2026144
1.1901634
0.83778554
0.8002679
1.6258017
0.7073399
1.3851416
0.7903281
0.5767433
2.5195878
0.19636366
1.7174737
0.48789337
0.6149936
2.8641944
0.45867154
1.1735275
2.6789331
0.4185875
1.1092501
3.8617043
0.46997565
1.5398169
1.1832663
0.7897387
0.96713305
2.4941113
0.21336874
1.4478266
2.4877896
0.39672923
0.7316387
3.7612197
0.59994245
