1.4178962
1.0385277
0.7636988
0.88154185
1.5767064
1.6728792
0.94365776
0.8356769
1.6835334
1.5648394
1.5913981
1.2168493
0.99413544
1.6641042
1.6361372
0.86423516
0.87543964
1.4320459
1.4540741
0.9995625
0.7130861
1.3029636
1.7936971
1.3205107
1.2974099
0.46158132
2.8632889
1.8307195
1.0431306
1.0662571
1.6172268
1.4515252
1.0425048
1.12288
0.78668547
1.198649
1.1276537
0.61271554
1.3872776
2.6855524
0.39875007
0.7072184
1.8606995
2.2044177
0.59974396
0.75307226
1.7021224
1.5451872
0.66363263
0.3617541
2.2556279
2.161075
1.5343862
0.64897716
0.8995394
1.3966522
1.4204917
0.8155372
0.9848866
0.9677961
1.204367
2.1390486
1.0989386
0.45198697
2.8882694
2.9682822
0.7985294
0.94291186
1.5869389
1.7661191
1.4365047
1.1429801
1.2264931
1.4836988
1.163166
0.6038706
0.9390135
1.3177499
1.7401938
1.4376869
0.96765447
0.9776749
1.6776338
0.8780034
0.7153129
1.0027125
1.1708148
1.4359269
0.57012796
1.3022572
1.0636041
1.2520207
1.4511392
0.68029237
0.9599687
1.6567705
1.5713973
0.88088083
1.2671239
1.3186826
1.0267776
1.3884611
1.4510887
0.97461355
1.0295771
1.4614918
1.069783
2.0530922
1.1081238
1.0499487
