2.2358727
2.48522
0.30841714
2.0030231
1.7214692
1.4637619
1.1033523
0.58439887
2.6194563
1.0442426
1.9045768
1.0786296
0.83149683
1.2103763
1.7216191
0.7362238
0.9081476
1.7854877
2.1534028
1.6376874
1.0905449
0.38835412
3.865784
1.6108048
2.0273888
0.62354636
1.7322315
2.2783356
0.9018825
0.84918296
1.6374291
1.6146765
1.4614642
0.9990907
1.1200705
1.1823933
1.5677643
0.8736391
1.2755204
0.98691183
0.77910954
1.2366551
0.7360048
1.2495046
1.6574682
0.19443506
6.2539186
1.4833903
1.0100433
0.69476897
2.1572676
1.3378801
1.356508
0.93672836
1.1072079
1.5283662
1.6462584
1.6984097
0.77617645
1.3959285
1.6912867
0.85295343
1.1314335
2.5715182
0.5282829
1.3370955
1.6648371
1.1108736
1.0824659
0.99462646
1.5615922
1.138298
1.1665035
0.99913967
2.7358234
0.9730943
0.9137711
1.206651
1.9316686
0.9583994
0.8110541
0.8338144
2.161106
1.5020702
0.24372497
1.4645777
1.1105498
1.2758431
1.3716364
0.54044354
0.7753858
2.531035
1.5329454
1.5029508
1.1303183
1.010136
0.9830032
1.4799333
1.36922
0.92121816
0.9103806
1.3398503
1.0674682
1.7368369
0.76453555
0.76504135
0.72664094
0.80253434
3.0613914
1.7825172
