2.2624583
2.5745564
1.6510415
1.8527951
2.2386742
4.1028986
1.1724437
1.1441467
4.25329
2.8495088
2.3794544
1.7999089
2.4136505
1.8374085
2.1785927
1.9388366
1.2117558
2.0931227
2.90518
3.3847158
2.0446472
0.98835135
1.9807614
2.2789466
1.9300978
1.456691
2.2889423
1.5774763
3.7506716
1.4021816
1.0440853
1.6866109
4.7980123
1.2965949
1.1002837
5.490262
2.5485318
2.0157745
1.740536
1.4259019
1.9352946
1.4944198
2.6311226
2.604631
1.5294263
0.67130375
4.855676
3.5495815
1.8669302
1.5352416
1.8103874
2.2983093
2.4321759
1.7745858
1.8683382
1.9625342
1.6355062
2.305959
1.6559002
1.7134541
1.75664
2.1746964
2.2624805
1.582377
0.89800274
3.043065
1.9649036
1.2814281
1.1492128
1.7509712
1.6594427
2.4617076
2.1260147
1.753495
1.3580549
1.4547918
1.9763947
1.4814744
1.5264018
1.445039
1.5710118
1.405158
0.679495
1.5142097
1.4382691
2.0410664
1.0693854
1.5737654
1.7809021
1.4552379
1.5105059
1.9000771
2.0933046
2.7078617
2.110673
1.3139672
1.9267049
2.7482903
3.0612285
1.5822062
1.1264309
1.9450247
2.3586776
2.1638646
2.2237282
1.8703907
1.9385147
2.2516968
1.8338495
2.207943
