1.3657562
1.5460423
1.4444501
1.045097
5.314042
1.6941096
0.86953074
1.3356448
2.5477078
4.0720215
1.3915823
1.2977518
1.9114991
1.7271938
2.1926713
0.9980948
0.5554615
4.087482
2.7810223
1.2548823
0.9224479
1.6244625
2.2909944
3.0723197
1.4889097
1.3203675
1.3808801
2.7802498
2.3349357
1.663431
1.2809451
1.5756191
1.7105964
1.5346239
2.0057259
2.250814
1.4960439
1.2075013
1.6549089
2.6468549
1.765052
1.1793187
1.645805
2.1858687
2.9616685
1.123266
1.2513636
1.4929523
3.1644447
2.9596853
1.9954005
1.5003376
2.1242037
0.950694
4.4265714
2.8728244
1.349113
1.2111592
3.9793096
2.6758547
3.0012226
1.8994648
2.0582247
1.007714
1.4211156
1.9529337
2.273038
2.1867537
1.7333386
1.3503892
1.2143029
6.7074594
3.4996567
1.3550539
1.8959088
1.9860171
1.9415085
1.7319796
1.4219329
1.3478012
0.9507735
1.399696
1.4241776
3.124011
1.5987171
1.9019415
2.6937323
1.9438426
1.776694
2.191472
1.8345085
1.5093087
1.2095187
2.7428503
2.2258968
2.9184875
0.7855739
1.4890745
3.566428
3.1966145
0.28157339
2.9396179
3.218111
3.6357932
3.0516624
2.3284
1.6129243
1.335765
1.6489611
1.9673185
