2.025807
2.1043775
1.4906464
1.5165746
1.7425282
1.8972982
1.2661362
1.8811624
1.6712172
3.2974193
2.906787
1.8286402
0.76462185
7.6256323
0.73152065
2.656147
3.4322782
3.8482578
2.3826985
2.1122975
1.7879589
1.5967839
1.9955943
2.3865623
2.5041487
2.4490955
1.5154688
1.520342
2.2395492
1.6861869
2.0883384
2.0635557
1.9872365
2.5958703
2.7706864
1.8415983
2.0109856
1.7705629
2.158402
2.0230923
2.659637
1.993824
1.8098022
1.7172459
1.8300997
2.3630338
1.9119456
1.4366231
2.015783
2.1470084
1.8339748
1.7837033
1.8160323
1.824411
1.4666073
2.792786
3.7066782
2.2744522
1.4606653
1.4099433
3.9711623
3.2968283
2.916635
1.6848462
1.0864322
1.8215466
2.3312423
2.3341832
2.1663413
1.9363585
1.1300669
2.3137093
2.4162283
2.4468837
1.8095651
1.8204914
2.0960093
2.3965874
1.9474165
1.3217937
1.8336629
2.7703288
2.298501
1.1859376
2.4423974
0.782299
5.5344653
3.3658838
1.9622624
2.3905482
2.8306756
2.573368
1.6394078
4.380317
2.3580842
2.9373877
3.0221453
3.637762
1.991015
4.8050423
2.923839
1.6108514
3.6943393
3.2131217
1.5068148
0.94875354
10.4628315
2.5948524
2.2741656
3.2593493
