0.7418934
0.34067774
1.2417575
1.5739508
1.2177054
0.8619455
0.528021
1.2147269
0.74441123
0.96800923
0.80418336
1.3502297
0.3459764
1.7954562
2.1497786
0.3061647
2.8566198
2.121447
0.33541405
1.5418149
3.5176296
0.33684158
4.8120832
1.7064843
0.21089508
1.1250052
1.1184797
1.267601
0.3464188
2.8167858
0.74455434
0.38862526
4.4141464
1.9979669
0.5043696
3.1695986
1.4403491
0.7151419
1.5398154
1.0615249
0.9507878
2.0872834
0.8929932
2.6627452
0.29190743
1.9564874
1.8906034
1.1889783
0.21780689
3.6977406
1.5024225
0.74340665
1.0218118
2.9459498
0.7525907
0.6081264
1.3949277
1.5727409
1.3158711
0.5643233
0.8759998
1.3397902
0.490265
1.7609667
0.60938156
1.0354806
1.4359155
0.32723463
2.9358363
1.8260783
0.2500445
0.92363024
1.8768114
1.174259
0.98633003
0.23301178
2.8339252
0.85922325
0.73047054
0.78823805
1.3712969
1.2253413
0.33984792
1.4383485
1.2659675
0.5078891
2.0322118
1.0852513
0.37473255
3.3419101
0.3861491
1.2088214
0.8162671
0.8463804
1.3439178
0.64045703
1.8889257
1.4195215
1.0132084
1.0591686
1.3736237
1.0237501
1.5852095
0.69081354
0.93369794
1.0036803
2.3391223
0.90249074
0.6757777
1.2123556
