3.025755
1.3402233
0.7268086
0.69523233
1.4185733
1.0753546
0.73475325
1.849895
0.46722242
2.7364068
1.0004544
0.7058865
2.292753
0.49056548
0.71586126
2.7784157
0.73919904
1.6802127
1.6985788
0.5604524
1.2889056
2.9458022
2.0552678
1.1898879
1.0796535
0.7597269
1.2844496
2.8561728
0.2943906
4.3469024
1.7316165
0.42788458
1.3419638
1.7026906
0.9565811
1.3786008
1.5499442
1.6155138
0.6271552
1.3885984
0.64491665
1.4899395
1.4734154
0.34495246
2.346643
1.2952455
0.93695414
1.2859365
1.0289881
0.8785893
0.8427565
1.299933
1.7978492
0.81563306
1.074059
1.8545156
1.3621173
0.49380308
4.836849
2.203284
0.7104247
0.5792175
2.1115372
1.0644468
0.8442532
1.0177494
0.7710252
1.9439545
1.21911
1.5054386
1.0809872
0.95190597
1.1727465
0.9649072
1.040015
0.83832717
0.6962627
2.20609
0.9598309
1.1773199
0.7955513
0.88146245
1.4122902
1.5232885
0.66059303
0.38582212
3.390185
1.816599
0.9612802
0.483007
2.8496258
1.1626072
1.6138729
1.5859647
1.4003007
0.8714756
1.4660797
1.0914007
1.6786338
0.4470114
2.3078103
1.4779581
0.5587079
2.4145432
0.7018149
0.8875602
1.982379
0.5779273
0.9561136
1.430409
