1.68282
1.2872589
1.0015643
0.73002243
1.8346324
1.9446853
1.8242152
1.5600979
1.1734443
2.1454358
1.8533838
1.8084865
1.3908788
3.4393463
1.3922049
1.4795737
2.0023875
2.8374376
1.0428087
0.96623844
1.6744425
2.4570284
1.8658869
1.1313925
1.1526186
3.8775415
3.3919466
1.823588
1.2277341
1.237376
1.2112377
1.3342125
1.9249378
2.816718
1.4579232
0.73799014
3.3372746
2.6007233
2.578029
1.6703101
1.7216368
1.5280764
2.1257646
1.360991
1.4907801
1.0952718
0.97952497
2.3150625
2.1421494
1.6358848
1.7194006
1.8280898
1.9633787
1.7156506
1.336534
0.71650326
1.5906723
1.6941026
1.3550472
2.1049013
3.0324783
2.9914901
1.807542
1.0246218
1.9230599
3.1392603
1.1376143
1.638411
1.815938
1.911507
1.4366785
3.0599248
1.606373
1.6742355
1.8665109
2.32754
2.0539105
2.3635383
0.18877462
9.887586
2.1411934
1.1753159
2.315687
1.0622629
2.4143085
1.9276155
1.5893952
2.1370745
2.3146977
1.8017232
1.730506
1.0915948
3.9435215
1.5198573
1.149476
0.81820905
3.4912171
3.4617956
3.1072345
1.9377464
1.3872614
1.3513348
2.0384824
1.4008112
0.989251
1.8502454
1.9493499
1.7077838
0.74257475
1.8154876
