0.9546969
1.884927
0.52511644
0.32290167
5.5388393
1.4491904
0.34694177
3.1288097
0.7601042
1.0515668
0.74606264
1.0164412
0.9690784
1.2490437
1.161114
0.78433245
0.9862831
1.5585197
1.168364
0.58328146
1.9491343
1.1711084
1.0355164
0.9598646
0.6383076
1.673976
0.7000056
0.9625102
0.89314467
1.2153014
1.0208783
0.5664613
1.9624112
1.16519
0.61998767
0.7269057
1.8883796
0.8405264
0.6538103
2.226317
0.34197414
2.8100731
0.99683654
0.15496077
4.180181
0.63835955
1.1385105
1.3723624
0.55240214
2.266828
0.7757172
0.7288557
1.3758968
0.81758344
1.6380949
1.4255223
0.39945632
1.8097429
1.5357885
1.1347492
0.5387036
1.0679405
1.3344848
0.5226269
1.0051576
1.4536732
0.7165009
0.5263555
2.1047044
0.8837484
0.49136433
1.3459129
1.6795163
0.20502818
3.0989985
0.5564867
1.5673652
0.2518623
5.2574425
0.5162488
0.69785035
2.5434952
0.49186516
1.6714932
0.3693107
2.2531292
1.4902704
0.6328005
1.4414214
0.46909413
1.9612833
1.157158
0.43952334
2.4658148
0.55496424
1.2552811
1.5876493
1.066994
0.2890302
2.8548422
0.6801381
1.582011
1.7182326
0.29030767
2.8491201
1.8005688
0.43361664
2.6976237
1.4671924
0.6454648
