0.36765802
2.9618235
1.0556723
0.5271477
2.4175675
1.762881
0.2683157
3.628922
0.41802472
3.7647667
0.84582186
0.46980202
1.4531865
1.4143999
0.671101
0.84892833
1.1423551
1.2417877
1.5074937
0.5332626
0.50237966
2.8995516
0.76507866
0.6492242
0.8179866
1.3722731
0.6352005
0.56316805
2.8460655
0.28777552
1.0156606
3.4002895
0.20220153
0.88419676
2.4599905
1.2268844
0.38254675
1.9999413
0.6561061
0.9049119
1.3241048
0.46590453
2.6875257
0.5695966
0.55785507
2.109033
1.838053
0.22249725
3.3482306
0.21521142
2.2919188
2.631917
0.46447873
2.0974512
0.74562764
3.00098
1.3800538
0.51071966
2.3955626
1.32552
0.38885045
4.133556
0.5948441
1.7712173
0.50268286
2.2336278
0.66041565
0.4760133
3.4215603
0.8173468
0.38549477
5.032665
0.42048606
0.91854125
0.69740945
0.69288534
0.989234
0.53974247
1.1685922
0.75780356
0.77400094
1.763984
0.3332113
2.7012415
0.7825614
0.50135016
1.8049707
0.8477053
0.38362548
3.6556187
0.52686477
1.2890409
0.9094496
0.9057018
0.3529234
3.1516151
0.67125434
1.0836847
0.6256182
1.5429978
0.83768916
0.41484657
2.0983152
0.9770011
1.0299852
0.49136427
1.3941193
1.4919299
0.6284783
0.9966375
