1.3041737
1.3975788
0.16390193
4.461685
0.54925036
1.0335277
1.6503243
0.62795365
2.3781543
0.37649074
3.9144826
1.5736842
0.73334754
1.2826719
1.3847463
0.999086
0.4071712
3.1812892
1.0219806
0.6169622
1.2477567
0.49538288
3.6948974
1.7686541
0.7479631
2.053709
0.904947
1.099539
1.8807006
0.47486526
0.99195516
2.667707
0.71462727
0.73909605
1.8031328
0.8716258
1.0994716
1.2200452
0.6640314
0.9667497
3.0077932
0.5005904
1.1670097
2.4199865
0.39818192
4.1940455
1.4101859
0.9299588
0.43799353
2.4729648
1.7875328
1.1667056
0.47799766
1.4673301
0.9277708
2.2351935
0.69823086
1.7947941
1.0914586
0.78357804
1.6005001
0.87299013
1.0245436
1.5029843
0.64706683
1.3251582
0.9865643
1.4213915
0.64224935
2.55946
0.60057074
0.5424565
2.7199352
1.0458304
0.9722474
1.0166699
1.8281361
1.216936
0.93166274
0.5494346
1.6456234
1.1726501
0.62500936
1.1553435
1.0080878
0.6187667
1.3315604
1.0941797
1.5171865
0.38798022
2.8880482
1.5916785
1.2062594
0.31502795
1.5567887
1.7263571
0.99215144
1.2472368
0.7446091
1.7767506
1.8761415
0.44062278
1.2502117
1.1541514
0.8850493
1.2834431
1.8743571
1.0985919
1.0242667
1.0417174
