1.924291
0.88062894
0.63034505
1.2167323
0.95495486
1.496242
0.91655254
1.0304539
0.95931
0.94120973
2.1363318
1.6612868
0.89316416
0.65792286
2.176044
1.1152467
0.7916754
1.0563933
1.1915518
1.6356087
1.0308641
0.32837358
4.8166595
3.1887784
2.0189168
0.1567384
7.176468
2.6402364
0.1132229
8.490322
3.340591
0.43873954
5.0496597
2.0893247
0.597242
0.88823736
2.4676404
2.0602465
1.2069678
0.8412699
1.4520156
1.4951836
1.3911903
0.74971753
0.79425406
1.4098357
0.8031845
1.0848234
0.45723063
1.9834139
1.0651802
0.7933929
0.7529429
0.8507918
1.4300388
1.7925062
0.87282807
0.79344034
0.93535626
1.7498648
0.9579065
1.7670517
0.4008801
4.1523447
1.6480348
0.93495184
1.3591964
1.0654696
1.3046026
1.8891878
0.94770783
0.6422837
2.0699053
1.8361967
1.2791978
0.69974136
1.1131268
1.6601231
1.4615973
0.9713778
0.8515091
2.1531954
0.9115814
0.98079497
0.77780426
1.3991237
1.6482079
1.1204271
0.42404857
0.67786497
3.1868222
0.74788225
1.0094244
1.105485
1.9354036
0.38562742
1.1187218
4.3861914
1.5131695
0.35456407
4.0792217
1.4849259
1.1900446
1.2424769
0.8299597
2.1170359
1.1833543
0.6153648
1.3511535
1.5929747
