1.2162476
1.5956193
0.85787714
2.5384684
0.40571845
7.1916075
2.2451272
1.2640738
1.1306288
3.598978
1.424885
0.96440935
1.0585293
4.701866
1.156189
0.25932723
5.737056
3.2673311
2.191414
2.779745
0.22471108
7.778866
1.7274998
0.5289249
3.0793858
2.3494744
1.0416732
0.71494055
3.8064399
2.6826777
1.9274316
0.61479723
1.8380253
1.4813999
1.2758389
1.5184344
1.4301169
3.1473837
2.3204627
1.3885155
0.40978506
6.729293
2.1174943
1.4071963
1.4533406
1.3812423
2.4817646
1.920197
1.1795299
0.6213647
1.3577123
1.6536684
0.8316886
2.5582764
2.0775054
1.7556561
1.0989835
1.1505411
0.9261379
1.5309938
1.3017187
1.5140313
1.1616906
1.8558143
0.45634082
0.8383743
1.8435318
1.4608706
1.4777243
1.2038112
0.79761213
1.0394704
1.2371104
1.5663073
1.4185714
1.1541646
1.1443411
2.2612526
1.1617198
1.0386479
2.9795794
1.8959188
0.8479761
1.3413718
1.6517931
1.4163104
1.3026589
1.6532274
1.3133237
1.4160334
0.9124259
1.0768325
0.65243655
2.74687
1.9252219
1.4340568
0.5787281
1.0441749
2.0782847
2.4910836
1.6994255
1.772734
1.6009007
4.9091935
4.118707
2.7238774
1.8772163
1.4351908
0.8959055
4.0576644
