1.3289438
0.8901938
0.74478996
2.6168237
1.369504
0.7893156
1.7263052
0.6156087
2.007658
0.6724306
1.7741437
1.2321328
1.0669839
0.8848353
1.530649
0.8799208
1.4521152
0.5532104
2.0332184
1.5914599
0.48017162
2.6160488
1.9590607
0.8402198
0.97267044
0.88717747
1.524232
1.7706795
1.1047059
0.6032307
1.7520355
1.3455203
0.6320691
1.0204275
1.4132822
0.9218724
1.3476927
1.1149993
1.0450084
0.72696495
0.41006273
2.4761863
1.8085144
1.0731769
1.1850023
0.4019006
1.7625548
1.7595899
1.2822566
0.42864114
3.5402513
2.0654206
0.33737418
4.7579165
1.9990366
1.3195121
1.5054765
1.2764368
0.35190284
6.6435223
0.31497025
1.776633
1.2812312
0.67105365
1.2482402
0.69372046
2.0733316
1.8647795
0.6371609
0.73523664
1.1337594
2.0356805
0.5453006
0.97374624
1.374163
0.89555126
1.4228721
0.5326122
1.886929
0.77578336
0.78659964
0.59402657
1.8687696
1.9699755
0.7547061
1.1939173
1.4245472
0.89909536
1.2446632
0.523522
4.0996866
0.49866864
1.9185996
1.706337
0.4993906
1.5059888
1.2863913
0.52513254
2.0210261
1.2301526
1.4663346
0.9306456
1.9293134
0.61999017
1.6027188
1.6192921
0.79900837
1.7160366
1.7120011
1.6288977
