1.6202824
0.33957982
0.7531528
1.4887915
1.3130591
0.9423576
0.78308386
1.144669
0.6797323
1.6616969
0.9568784
0.47726578
0.6694711
2.3282735
0.8192632
0.51187134
1.9464767
0.5060597
0.9997753
1.8065646
0.36464107
3.3366668
0.95412236
0.72318316
0.72867095
1.0964711
1.0049655
1.4355779
0.518756
1.6282489
1.1928363
0.27171993
2.806882
1.1913271
1.4352982
0.28419566
5.074027
2.4882743
0.39796376
2.1139314
2.2803082
0.7856645
0.7438204
3.5070844
0.34062088
0.95841455
1.4725788
1.5589358
0.6972199
1.2799985
1.1684988
1.080394
0.841782
0.4584831
0.9149208
2.450353
0.7576593
0.96596307
2.0957897
0.68423355
2.2446122
0.6540714
1.1405895
1.2488737
0.7139619
1.538449
0.8155075
2.2055914
0.45568135
3.280569
0.8235421
0.7249728
2.8531833
1.1716516
1.1190292
0.58031356
0.8496375
2.126111
0.75546855
0.8277768
2.158737
0.5053714
0.90549254
1.069716
0.9335299
1.155835
1.0637867
1.2024709
1.0088274
0.49965152
1.6716701
1.2438223
0.6672911
1.0790977
1.5204098
0.5508171
1.9580005
1.6723303
0.7588592
0.9032643
2.212962
0.24014053
3.968717
1.0728183
0.61092025
1.4675641
2.557384
1.2928026
0.6222059
1.0881414
