2.2075372
1.1628036
0.42989337
1.2931623
1.5831563
1.2404597
0.88959306
0.76963127
2.0343232
0.71134424
1.7219791
1.856626
0.73191786
1.5213984
1.3431654
0.81133175
0.90222657
2.2660294
1.2383649
0.8356852
1.0032085
1.502142
1.3846005
1.6406231
1.1096634
0.6302334
2.6914048
0.93505216
1.4175152
2.1067488
0.5140605
0.79145527
5.205386
2.4964366
0.25537527
6.7607694
1.7682879
0.43021372
5.302638
1.8045666
0.8570118
2.2804978
2.630791
0.45012295
1.6740335
2.1494493
0.4806502
4.716063
2.8364902
0.6837299
2.1101918
2.252732
1.8882316
1.1594241
1.0715537
3.503594
3.0135372
0.4965084
0.743623
3.1638565
0.936459
1.7855921
1.0573006
1.5371553
2.3014026
1.1473432
1.217664
1.5866024
0.86264986
1.2027009
1.0773387
2.3841496
1.989161
1.1624202
0.8382635
0.76709044
1.1926559
1.7245177
1.0564456
1.0262635
0.57038796
1.3935277
1.9415021
1.5368274
0.3435052
7.3486347
0.5133006
3.3426576
1.5014408
1.2847173
0.6984787
1.2185385
2.9967809
0.63248307
1.6382442
1.2098792
1.57603
1.5701612
0.8209391
1.7089915
1.3541255
1.5042244
0.97888017
0.63907516
1.0904331
1.8591776
0.44010484
1.976954
1.9834754
1.125078
