2.745041
0.616629
2.4719868
1.6436963
0.36165625
1.9955931
2.2082543
2.5300524
2.3915682
0.6035869
4.604501
4.437743
1.0660889
1.2521775
3.0346391
2.7532537
2.502594
0.2958963
1.5335267
3.4072137
2.4679804
1.4491658
1.1372056
1.8002964
1.7026163
1.390654
0.8672424
1.584527
1.9745347
0.93091834
2.4255981
1.7141485
0.33473635
0.96636295
2.0101457
2.1243787
1.6519942
0.8175545
2.5789328
2.67414
1.9258457
1.226457
1.4944693
2.1342177
0.9048106
0.67613655
1.0940936
1.4857637
1.7275698
1.9087038
1.2519217
0.73913693
1.6869067
1.7013025
1.2876804
1.1684761
1.8675454
1.4113222
1.1531681
1.7244384
1.7440244
1.9740595
1.0651994
1.0699553
3.3362563
2.7123919
0.5586747
0.7834898
2.4409094
2.136559
1.1091044
1.0155528
1.3780812
1.6150384
1.9803233
2.1919653
1.4325976
1.5279484
1.8207283
1.6771852
1.1639895
0.9591207
0.85725963
2.377603
1.322331
1.4281731
1.7001445
1.5542514
0.95225596
1.2166896
1.7228692
0.935356
0.8175149
3.8121283
2.6804576
2.4697945
0.7142222
2.4371994
2.2254362
0.40163326
0.9365264
1.9378932
1.9340318
1.9554987
1.0404236
1.094588
1.2955706
2.1391685
2.4372268
1.5998299
