1.9743409
1.3843443
1.7437212
2.0487018
1.6123581
1.9973845
1.5889666
2.7420359
2.2564995
2.551996
2.36312
2.7067738
2.0836012
1.7074685
4.3823156
1.3323216
3.561001
3.1086378
3.857336
1.3044286
1.1217052
3.377522
3.1883934
1.0885535
0.99936223
3.4613166
3.4920354
3.6925962
1.6092508
0.8734653
3.285572
0.19014534
16.524654
1.1368452
6.426251
2.6741738
0.22519347
14.091396
0.37405765
11.1313095
2.5762277
0.30985242
12.955704
1.7018634
0.67300594
10.662714
0.56097233
4.7838035
2.792602
0.7185154
1.4174894
5.5616283
0.30381668
2.602047
2.1183183
2.0120757
0.55986744
2.6934357
3.281447
0.29200867
4.11471
1.4523481
1.4665956
1.119967
1.8885312
0.55425346
4.761216
1.2232637
1.0057163
2.2024183
1.9678718
0.80257964
2.3755677
1.8174968
1.2405266
2.116005
0.22836101
9.282982
2.4344387
0.8684656
2.3530447
1.3223852
1.5720842
0.638523
2.2343407
0.35774654
3.6165252
2.092769
0.61904657
1.3255957
1.8847276
0.78855777
1.2824533
1.3295476
3.5853758
0.69083554
1.0511574
1.8846562
1.732093
1.893403
0.85481286
1.2492138
2.1991162
1.6687937
1.086876
1.271719
1.6742415
1.2023392
0.95183295
2.8357167
