2.335493
1.5017009
1.2505264
0.79243004
2.7102675
3.807839
1.6007212
0.5876549
1.8849449
1.9487466
1.7199321
1.4051684
1.5935454
0.8136692
2.4371023
1.2246081
1.3947166
1.4951982
1.303058
2.3743286
0.7914043
1.577354
1.9311221
1.606565
2.1319733
1.6740143
2.3805122
1.4833829
1.4352303
1.8582302
1.9808147
1.6155125
0.756925
1.3995452
1.8577886
2.0109391
2.6881385
0.6978741
1.9515347
1.899008
2.0585346
1.6847457
1.6876826
1.1202805
1.5794663
1.3338699
1.4106516
1.571104
2.036007
1.4012973
2.6632164
2.5554461
2.788393
0.62794644
6.973679
2.4049978
1.5374472
1.0359173
2.036069
2.1379666
0.83288264
0.7974754
4.959612
0.22480717
11.687557
2.5415807
0.8938032
8.225534
0.7368156
1.1417359
10.638264
0.26146364
11.023542
0.06107026
12.069197
0.040739447
15.538783
0.4837547
9.487754
0.9251756
1.5278113
4.903819
0.50490516
5.5862055
0.5354266
4.617239
1.3109845
1.4057198
1.833456
2.472711
1.740533
1.7745415
0.9901835
3.3685825
0.1542734
5.8215
2.0332208
0.75609565
3.5955176
2.2507234
1.1717048
2.7085536
0.47212756
2.885478
3.3799598
0.9211183
0.50278634
6.2038016
0.5650254
2.6474211
