1.4955069
1.4974594
1.0614531
0.6189487
0.8607155
2.0635352
1.5692724
0.4585114
3.599079
1.6978745
0.58928263
1.3883482
1.7693253
1.1687609
0.73475695
0.84955895
1.3116419
1.5056949
0.63223696
1.2583005
0.9765438
0.9463411
2.4248457
1.8016175
0.19032711
6.4863863
2.2534542
0.3384592
1.704493
5.6598206
0.5291327
1.0433002
3.7769458
0.7784775
0.59405404
2.209856
1.0747027
0.8639233
1.2870035
2.5913653
0.7956008
1.2645255
1.6166351
1.2846403
0.72656316
1.1062725
2.5583038
2.2956507
0.24453466
1.4398572
2.3862872
1.2087729
0.90597737
1.5833558
1.6266763
1.0048944
0.9544094
1.631359
1.3088816
1.0647857
2.0953078
0.61824393
1.1704681
1.3200468
0.8908305
1.2491333
1.3633897
0.5776311
1.1879897
1.0232594
1.6292158
1.5238051
0.8596358
0.9895058
1.0707247
1.0451355
1.1141155
0.51968956
1.7238955
1.4310663
1.2292771
0.63750416
1.0987644
0.59038264
0.67023575
1.0362186
0.89767575
0.95990574
0.7690259
0.47997487
1.9772987
0.43660614
1.0378721
4.9532843
0.19359177
4.2218275
2.183636
0.84060776
1.8681602
1.7540689
0.9695707
1.0285952
1.2518544
0.4860525
1.8036189
1.3018718
1.4449598
0.2654292
2.4198864
2.1443534
