0.74059737
1.4074609
1.3973314
0.6849053
1.7253187
1.3795391
0.36019856
2.8288884
1.3244296
0.9781559
1.3776845
2.9763117
0.44476464
3.5265827
1.4927998
0.44446686
2.4285035
1.7063186
1.4824522
0.90056217
0.6010821
2.3037713
0.68413615
0.6704278
1.6849055
0.47413003
1.0531745
1.4405158
1.3934566
1.3049997
0.28738776
3.9262052
1.4786584
0.97430134
1.3463662
1.5540748
1.3063736
1.529608
0.6780275
1.4745615
1.2251639
0.5323034
1.2669821
2.2220018
0.83585423
0.4328652
1.2633812
2.902154
0.98461014
0.7977172
2.1621337
1.5319723
1.4084697
0.70192045
0.97953355
1.1556554
1.7294526
1.5902874
0.80938923
1.1120448
1.5155631
1.4903711
0.7577764
0.91026074
0.7733817
2.8115313
0.83771634
0.32777685
2.089017
2.5336728
1.4230803
0.6648419
1.3029573
1.4169793
0.73309964
0.98044837
0.876616
1.3628951
1.7489872
0.8998663
1.0070412
0.89063305
1.4239326
0.93225133
0.9393714
0.98686826
0.8448423
1.5291443
1.7412434
0.59808236
0.8516049
1.1122667
1.561363
1.8069912
0.28779542
2.3814244
1.9169264
1.2672441
1.0251993
0.83958733
1.4779844
1.2295942
0.5943259
1.3488848
1.0456734
1.6468775
0.15717342
6.596649
3.1029916
0.50407904
