2.189719
2.5441651
1.2723773
1.4067271
4.0978093
3.3626254
2.7551887
1.4174209
1.257515
2.893941
3.5400734
2.5821168
1.9391768
1.3472105
2.5177567
2.585352
2.7755146
3.0615375
1.9616591
3.1395648
1.9798728
0.2176457
18.055805
1.0632551
8.803635
2.3970406
1.4548787
2.7958438
2.442895
0.60070145
3.152533
1.9220276
3.1115792
1.9103837
8.5805645
1.4969561
0.5295391
10.368874
5.4862347
2.3003812
0.9531595
4.818118
3.0227933
2.4414732
0.9043289
0.7464854
7.9888887
6.0395203
0.5864972
1.3127028
2.1898332
1.7657492
1.4767613
1.8425732
1.2411478
1.3558378
1.5393236
1.6308286
1.4840164
1.2202955
2.2488008
0.9365808
1.0595258
1.2349194
1.590928
1.1015947
0.919906
1.3409097
1.5761288
1.583559
0.9276833
1.2991724
1.6919996
1.8042121
1.6381559
1.6018543
1.3275313
0.8922663
1.4166049
2.4405146
2.586296
3.0509746
0.90366095
2.440522
2.1417398
1.9444484
1.8935977
1.6571224
1.1195142
3.2538946
1.9794283
1.4943833
1.2679353
1.5520841
2.2606964
2.164619
1.8808237
1.6252255
1.8347108
2.4723713
2.2403388
1.8770499
1.7798
2.2605562
1.8531748
2.4617774
1.7021017
1.7610295
1.2881268
2.0209732
