1.8541273
1.0758681
0.81411445
0.6744171
1.6816965
0.7724481
1.7915436
0.30124754
3.9367654
0.6499754
1.0063498
1.9245664
0.5675517
0.51392686
1.1836383
0.7870773
1.1726699
1.4291579
0.7660458
0.5487174
2.7601104
0.4223094
1.2034247
1.0241942
0.8260471
0.69059855
2.2666595
0.54326516
0.47644505
2.4894226
0.2803232
2.783561
1.8793415
0.3859949
1.7425357
0.9266528
1.1284679
0.5803158
1.8581426
0.5245417
1.0065839
1.5338681
0.6251074
0.64917433
1.6516471
1.2392671
0.45303366
1.7740784
0.36566007
2.7639344
1.3971366
0.55267453
1.4178461
0.93715864
0.82579637
2.17674
0.41573977
1.2430313
2.062698
0.9251829
0.5452833
1.7890344
0.9401438
0.68337405
0.4104771
2.1301785
0.97441465
0.866928
1.4007959
1.3087978
0.40089762
1.1486113
2.0293672
0.35371438
1.4389098
1.5405765
0.602548
1.3145331
1.365002
0.961046
0.60814023
1.0250981
1.1755662
0.65272313
0.8246259
0.9678125
1.0243802
0.70921946
0.6456276
1.9516544
0.24749574
5.546278
0.5384029
0.45179248
4.5702477
0.6583253
0.48268503
1.9855943
1.0068761
0.79096055
1.0849214
0.79400635
1.4237502
1.2323097
0.50336
0.5752945
2.9583194
0.34540063
1.7645202
1.649971
