0.6113802
1.4892058
0.9915478
0.60385054
2.7091944
1.8323929
0.4675113
1.9999517
0.8143146
0.97967803
1.2847636
0.9167697
0.4797337
4.295486
0.36393046
1.1045341
1.4161218
0.7862257
1.5370096
1.3834424
0.26194918
6.326168
1.0151826
0.5041261
3.501737
0.7076173
0.92296445
2.3057723
0.42388326
1.2838305
1.8576367
0.8004011
0.9073657
0.95795417
1.3725507
0.5784111
0.6909662
1.0071437
1.2094859
1.4188648
0.24864236
3.0693274
0.38089573
1.267165
0.742136
0.5923866
1.3857212
1.5777689
0.36105347
3.5935943
0.3484844
1.5770631
1.5986737
0.860651
0.89585906
1.1407363
0.5549944
1.1505008
1.5935314
1.2788992
1.7500886
0.35316324
1.3738929
1.9165633
0.35096046
2.1268442
1.4604094
0.5254827
1.0785913
1.542648
0.7011252
1.2590458
2.0252767
0.94628584
0.6810359
1.0359466
1.0069106
0.5924251
0.77130854
2.0518534
0.38915873
0.9719676
1.4652308
1.21147
0.3956715
3.298705
1.8734317
0.5927855
0.8969052
1.2401131
0.807258
1.4225514
0.59010684
1.985508
0.65815073
0.8057706
1.9185946
1.0646316
0.7332843
2.2575002
0.39117578
2.2826457
1.8390862
0.21795276
3.85782
0.49405122
2.3649068
1.4981004
0.29919088
3.0213902
