1.3483065
0.703897
0.70151955
1.1005642
0.40230244
1.4145483
1.2833849
0.21958598
3.8589613
0.49029237
2.4480119
1.0370936
0.7693651
1.0138485
1.2052636
0.5604477
1.3438828
2.6020577
0.4527302
0.63735867
1.4648066
0.5766252
1.0868225
1.8944848
0.16593637
5.074763
0.57116175
0.37911895
2.930226
1.1325067
0.48880392
2.7291365
0.97973955
0.7392862
1.016171
2.263032
0.53611887
1.9771696
1.0574899
0.55837595
1.3303318
1.1071234
1.0990722
0.8283992
0.81875896
0.7608606
2.3965697
1.2118235
0.18278152
5.9107614
0.40187886
1.993572
1.0719645
0.6206881
2.7394567
1.1813257
0.8858098
1.6354058
0.8976181
1.0359467
1.1116228
0.62326527
1.7597129
0.425082
2.5831888
0.4873355
1.2006067
0.21849398
4.3597593
1.4505998
0.18588108
4.872692
0.66328764
0.879128
0.26963842
4.0236583
0.22581522
2.491026
1.0898178
1.7950994
0.27783543
1.6901958
1.409807
0.6404899
0.8336718
2.4891543
0.22484258
4.132307
0.51775146
0.3758272
3.4012551
1.2060372
0.63709456
0.8089497
1.8809727
0.7921517
1.0650427
0.85605955
0.9179198
1.250958
1.1744292
0.8537366
1.993246
0.56887186
1.0713918
2.121312
0.68842185
0.62619185
2.46014
0.8448751
