2.9913795
1.1780217
1.0490733
0.8903289
1.4203221
1.9177254
1.5703095
0.85289145
1.1652071
1.3997043
2.7344084
1.4631424
0.84765947
1.1555223
2.2022676
1.57027
0.564017
0.93220353
1.646016
1.9066484
1.0645299
1.9268638
1.5105317
1.2902062
1.4921702
1.5588646
1.4953315
0.71320176
1.4007266
2.089928
1.0858886
1.61203
1.4787736
1.1390142
2.4884071
2.053832
1.037374
0.7319261
5.413446
1.4449203
0.7044713
0.9118163
4.100423
2.331363
2.5879169
0.70982397
0.88821566
2.5409217
2.854307
1.4924331
1.4351554
1.9038829
1.2312512
1.2705061
2.0895524
1.3134639
1.4227304
1.5179133
1.0487735
1.1172924
1.010305
0.97202784
3.469733
0.5590793
0.6524745
1.4421412
3.2474103
2.2871878
0.57346046
0.7331879
1.4036224
2.0488482
1.7660747
1.0883098
1.9412154
0.8764281
0.98882794
0.7500803
1.3656247
1.8564036
0.8374422
1.0604047
0.7789631
1.6098444
1.2111979
0.7628203
3.826159
2.44777
1.1612444
0.96213734
2.3067725
2.3487766
1.6789684
0.8305725
2.2732792
1.8790308
1.100474
1.2519127
1.4896084
1.3907568
1.6549181
1.2492845
1.6907732
0.8312619
0.8596763
1.4141456
1.6211491
1.9285433
0.9367217
1.2900119
