1.4760635
1.6677765
0.9423039
1.9055977
0.85665077
1.8009255
2.9442935
1.5482281
2.9503524
2.3218017
2.419526
1.4095454
1.3815683
1.210829
2.325538
1.8994603
1.0226597
1.1921868
2.1632037
3.0882874
2.5917106
0.89618
1.3597443
1.8587103
1.8886085
2.6135213
0.7518172
1.169859
2.011383
2.1873956
2.9128869
1.7701163
1.6330543
2.1477108
2.131061
0.818467
2.3217337
2.1680284
2.1504884
1.4151124
2.7862003
1.2227851
1.5027397
1.3731146
2.9059901
2.6295035
0.19099483
8.6749935
5.4147778
0.76420516
2.5005887
3.239927
2.3445451
1.9617903
1.4106104
1.9730871
2.6267085
3.3511863
1.8806207
1.5279429
1.6674919
1.9439901
1.5135078
1.7675107
1.8720973
1.7297397
1.45786
1.4372509
1.8050063
2.143382
2.548712
2.390397
1.818568
1.7875034
1.6646942
1.2147999
2.581461
1.7942432
2.0302567
2.094059
1.0392954
1.2044446
2.0935771
2.0736277
2.1530864
2.1763139
1.9355212
1.2658954
2.0940573
2.2873201
3.9685483
1.3736902
1.005858
2.171214
2.7465017
1.6662143
2.2569103
2.2034192
1.2732766
1.6250575
3.0253787
2.8119674
1.9715317
0.53959054
5.59003
4.9245863
3.0997958
0.9308497
1.8395407
1.4878458
