3.0138712
0.5673139
1.0762641
0.4738086
2.0182312
2.1770306
0.43190408
1.5824949
1.8361123
0.836256
1.1863391
1.5498928
1.738677
0.81691504
0.9135874
1.7884715
1.0875516
0.59612745
2.2846355
2.0449843
1.68779
1.2974144
0.87638164
5.575686
3.3091009
0.6858039
1.2812531
1.3109647
1.9535182
0.96680206
1.3828217
1.3674324
0.6823691
1.7237061
1.6101677
0.7373574
1.1146107
1.7799454
1.378129
1.1731641
0.78369904
1.0966692
2.8078232
1.3329403
1.294727
0.70879054
1.4941046
0.81010777
1.2156475
2.5813892
1.0252557
0.8462173
1.5194297
1.5430812
1.4503237
1.0540394
1.505483
1.8250768
1.2236952
0.9616895
1.1855643
1.8732889
2.2601883
1.3334142
1.263871
0.77625513
1.8177471
1.5535462
0.7175268
2.4870915
1.1633832
0.9589926
0.9593438
1.549365
1.4894931
0.5437983
2.6149306
0.35917702
1.1880144
1.1510797
1.1641316
0.9425659
1.3008435
0.88744223
1.5939109
1.0608282
4.157407
0.3680084
5.6996484
2.418946
0.4241064
0.96472317
2.353286
2.2744315
2.0974324
0.51809585
0.8073323
1.8245947
1.2895135
0.65572166
2.183399
1.1220757
1.2948675
0.7579241
1.6750402
1.2120748
1.2558284
1.4128364
1.5061471
1.3547755
