1.4898467
0.8922393
0.5699148
2.3205333
0.19567668
2.5665805
2.0067887
0.2804315
3.9067
1.9388611
0.6923288
0.572617
1.211363
1.0123508
1.1591473
1.2071958
0.5451653
1.0752842
1.8038948
0.9331197
0.8248413
1.3237785
1.8827386
1.3530767
0.14085956
4.0685363
1.6873356
1.1577721
0.73202646
0.8197708
1.2209862
0.51084447
3.4565625
1.1433493
0.9062664
0.91858613
1.2274091
0.9131831
1.5046886
0.81061506
0.97166145
1.9736221
1.1781546
0.60156703
1.0053359
0.9728627
0.71791756
1.3355439
1.3859464
0.44925046
2.7973783
0.6189176
0.56172884
3.3716073
0.9655029
1.0392191
1.6218727
0.8534243
1.673322
1.3933244
0.71551245
2.6137578
1.4430612
0.7166027
0.8025765
1.1277252
1.3208843
1.3686216
0.61859506
1.5833623
1.0412931
1.3981869
0.55480117
2.1402588
1.7199657
1.3523066
0.20704247
7.3946295
0.30089587
4.992603
0.74213934
0.79960966
2.002121
0.80879486
0.69294304
1.1477275
1.6016278
0.9250437
0.16416731
7.082052
0.85098064
0.5486382
5.319253
0.14121874
8.303516
0.6235002
2.5238686
1.1668282
0.89044285
3.5678363
0.42258143
3.804586
1.4920561
0.6609125
1.0078607
0.3773055
2.1900954
1.3883029
1.4787412
1.4431255
