1.6585155
1.0458536
0.8167311
1.2417831
1.0119789
1.464597
1.5323448
1.2043686
2.8283796
1.7218697
1.0853761
1.5174348
1.8095734
1.206892
2.0402436
1.5140865
1.0920033
1.0558403
1.7618048
1.8868735
1.3370949
1.0453008
1.252104
1.4425008
1.2530861
0.9935167
1.5202026
0.9773868
1.7444514
1.993949
0.86449313
0.7635119
1.1696405
1.4961882
1.2186614
0.97349584
1.1674118
1.4797827
1.5480812
0.95155686
1.2228289
2.1502185
1.9467775
1.0699015
2.6021345
0.28691402
2.138795
2.3710237
2.1026378
1.0215902
1.1198541
2.132458
2.4329271
1.1533904
0.9385122
2.564859
2.5580487
1.2206717
1.0535309
3.0537736
2.6897306
1.8122381
1.2556489
1.3284855
1.592547
1.8963286
1.3963726
1.6665146
1.0971165
1.515305
2.473765
1.6833727
1.1952565
1.5016105
1.5485835
1.4228196
1.282574
1.0001808
1.7391138
1.3356748
1.5957576
1.8189828
1.2446039
0.8404902
1.127188
2.183133
2.886934
1.4910481
0.68979764
3.5897136
0.40324014
4.8008633
2.8102446
2.2575202
1.4700553
1.615576
1.2857063
2.0479455
1.2110106
8.384712
0.2031186
12.25618
0.16746408
9.505107
0.40793628
6.8163033
0.43030685
3.148746
2.1958091
0.48724464
