1.9913735
0.97712547
1.0826504
1.2382172
1.3478911
2.011389
1.817934
0.32329127
2.8037753
2.9967902
2.595982
0.53376055
0.965809
1.8874639
1.6527642
1.105391
2.3022466
1.7772498
0.981971
1.0892857
1.3438377
0.62069476
2.6166062
2.5233583
1.2735413
0.68627846
0.68740547
2.8454416
2.8995557
1.5403183
0.8798784
1.1263815
2.1316636
2.1480584
0.838148
0.9145595
1.5539719
2.6450377
1.2248421
0.9114298
1.3346244
1.8143027
2.7773519
1.0436488
1.0496985
1.3908789
1.4492204
1.7254838
1.2224499
1.3207709
5.5906367
0.2203352
0.5370698
7.665286
0.181808
3.4706106
1.8103354
1.2862953
1.4856161
0.9207152
2.8760858
1.2915481
0.9136562
1.6194857
1.50974
1.2853553
1.2949669
1.2953558
0.72886115
0.67199373
5.597327
2.0924573
0.66476583
0.77082956
2.2369719
1.9565496
0.55734444
0.7825674
2.0502434
0.9036685
1.2199463
1.1078274
0.77336216
0.95288706
1.4062204
1.0370365
0.95653075
1.3455036
1.5446041
0.9641906
1.1054299
1.0629232
1.0093355
1.187171
1.4411372
0.6270468
2.0949757
2.1910133
0.859998
1.0365807
1.7394254
1.5682878
2.5451422
0.37840092
4.170683
2.8117445
0.38714236
1.0356557
2.2908826
2.3342266
