1.1715469
2.609816
0.4870944
1.9556742
2.298884
1.1006858
0.8050511
7.2864704
0.20235686
7.185527
0.8728347
3.4882991
1.6897471
0.893974
1.3069396
2.7377305
1.2954568
2.3783565
1.6693218
1.0947675
0.6639514
3.0975685
1.0931315
0.90310514
1.4552939
2.0180862
0.13687587
10.348673
0.98691833
2.6546776
1.849925
0.21653453
9.0781555
1.5056869
0.6124902
4.37693
0.570771
3.0673137
1.5757124
1.1583327
1.0479041
2.9361246
0.46997142
5.1503882
0.89916825
1.4020362
2.1307077
1.9868152
0.3978964
2.9698524
2.11153
1.5639973
1.3416318
4.672191
0.19385812
9.62844
0.70371675
2.4880874
1.6154966
1.2085283
0.93441206
0.7651546
3.3266726
0.594415
1.1700904
2.722855
2.18952
0.18321246
6.942887
0.39898542
1.1804929
3.4096127
1.0603149
1.0518397
1.0762782
1.1175351
1.306278
0.681692
1.1132221
3.2066987
1.1275204
1.3876817
1.5408047
0.49376023
2.344109
0.78539884
2.262063
0.99007356
0.7550513
3.2431748
1.6768757
0.4162033
1.0857606
5.8640513
1.8348145
0.62317324
3.4423666
1.2076967
0.65581894
2.9565449
2.0185494
0.26640528
1.1289465
3.599332
2.0256515
1.1058717
0.8802016
1.4320068
1.2938714
1.4870725
