0.8309668
0.65774816
0.9547284
0.3174078
1.7683533
2.0310764
0.8216685
0.8160591
2.111998
1.1107777
1.0695286
0.98161525
0.6648542
3.1346133
1.0061208
0.60111547
0.98553765
2.20111
1.4933707
0.46436468
0.5936025
3.3428094
0.9519688
0.4956296
0.5672651
1.0975039
1.0621068
1.4915369
0.565992
2.6873345
1.0074973
0.1711644
5.7397823
0.43000272
1.5365007
1.3218019
0.586362
3.1169832
0.76954365
0.6118759
1.3143554
2.7196352
0.47502938
0.617721
2.2037952
0.3600613
1.8609843
1.4635863
0.30184007
2.3676305
1.777458
1.109276
0.36047107
1.6670704
1.0044498
1.8920283
0.27717355
2.2652502
1.4720488
1.4034312
0.7381105
0.8478825
1.2864884
0.5679512
1.6812303
0.854211
0.919996
1.7502131
0.2281591
3.900054
1.207553
0.719247
0.6034686
1.3233564
1.9805069
0.5437812
0.8311963
1.5255878
1.5819044
0.66264856
0.77281654
1.2439399
0.6398885
1.2757587
0.8391317
0.5699743
0.9910754
0.854151
0.6575283
0.5384604
1.6367617
1.3055326
0.3862464
0.9464817
1.8456566
0.3008815
5.1559315
0.8791637
0.6490421
3.44779
0.54812086
1.0224336
2.646457
1.0750484
0.3520717
5.178858
0.62758225
1.0386088
1.320232
1.0069572
