1.371964
2.4375281
1.4007165
0.30167603
4.94519
2.7597852
1.5831065
1.300692
2.169582
1.0147386
1.9730453
1.284061
1.3404555
0.64121115
1.0644643
1.7130743
1.4938629
1.3340924
1.113491
0.78545505
0.8177157
4.522175
0.34127492
4.0606394
0.482517
1.192408
0.65794533
1.0119157
1.8971925
1.5271152
0.36898845
2.8361998
0.9682899
0.86739254
1.1552787
1.2926002
1.3083308
0.7590153
1.6661007
0.77062273
0.55063474
6.211531
0.33532587
0.43514228
3.5280566
0.24216324
1.3009626
2.1813798
1.3744686
0.68868303
1.7504208
1.7319825
1.2937293
0.57690537
1.6323664
1.35551
0.9028377
1.1179905
1.2141552
1.5965252
0.8970643
1.5355802
0.9156893
0.7160425
2.8571024
2.607213
0.28140885
5.71779
1.7778234
0.597805
0.54494107
3.3907423
2.037675
0.6637207
0.91491604
1.4771723
1.6589794
0.67989457
1.831466
1.1477624
1.2381951
0.9796272
0.8609134
0.62177444
0.78094697
1.3123889
0.98828614
1.0528181
2.3464174
1.3561099
0.54598475
1.3548176
2.3219876
0.7836492
0.67180216
1.5333714
1.9809625
2.0562057
0.54798377
1.0809386
1.7814293
1.6392488
0.44512278
3.0532527
2.2304862
1.1633005
0.5768235
1.3224877
1.9196652
1.8293265
