0.49764654
4.6581035
4.591918
0.4676089
0.8712535
8.0538845
6.026414
0.26694453
7.234615
2.9993842
1.8715453
1.2118064
1.4403027
1.0917723
1.1900343
6.199619
0.21965224
6.0186367
1.7673552
1.9665257
0.7657709
1.8522958
1.4186928
1.9333756
0.8128098
1.0299237
2.5161555
1.1590956
1.2828629
2.2091389
1.0819206
1.2480485
3.1601524
3.0042038
0.1454477
9.755829
2.8780894
0.96318376
1.030033
4.898446
2.7942061
1.2472835
1.1096005
1.5910927
1.405263
1.5432707
1.63597
2.056686
0.87803787
1.7396435
1.58988
0.7076391
1.2790728
0.8052252
1.0339761
1.3375565
1.2163823
1.0397943
3.3369584
2.023095
1.5993229
0.8020798
1.5557337
1.5499662
1.5418015
0.5265776
1.4818585
1.7889547
1.7109894
1.2452569
0.6951713
2.8526182
2.6964803
1.8842456
1.3705308
1.0274835
1.0573934
1.9485694
1.556854
2.0059419
1.6376057
1.7586489
1.0978024
1.4337926
1.6068463
1.0194197
1.4744976
2.7770286
2.2693284
1.0440183
1.5116148
1.2985135
1.4952238
1.405394
1.0618898
1.3324087
1.8665246
2.1395292
2.0391073
0.76864535
1.3185315
1.6823785
2.4406996
2.3702903
0.983191
1.2671037
2.2057667
1.7896979
1.6568598
1.2010574
