0.99332273
0.7538673
0.9922462
0.7133948
0.7928494
1.3324409
1.7132035
0.81511676
1.0271829
0.9153565
1.2472634
1.533226
1.2132196
1.4082892
0.8244429
3.754503
0.20667875
1.5511627
2.7918317
0.64904785
1.2330501
0.9548205
1.6536249
2.0867271
1.1766483
0.85864216
0.7583512
1.5425484
1.1951377
0.8895898
0.7831256
1.4547968
0.84827775
1.0201597
0.88920593
0.7651959
1.8589034
1.040207
1.6260955
1.2801161
1.3571328
1.6065133
2.4080925
1.108203
2.1636503
0.600629
1.4367087
3.0901628
0.64989305
0.536602
5.392848
2.3529885
0.7531189
0.6573671
2.284399
2.2802784
1.5457381
0.9790554
0.7106496
1.4021482
3.1998587
1.0740179
0.30655715
2.2553344
1.7914946
1.6251702
1.0916083
3.601676
0.5604503
1.2863648
1.3951044
1.0379179
1.0703571
0.99593866
1.4159374
1.256613
0.49219018
1.6679807
1.293637
1.3441439
0.8911451
2.4702575
0.90863204
3.2621498
0.55016196
1.194692
1.4961691
1.038692
1.7504294
1.4128186
0.21220462
6.4682674
2.480133
0.21967518
8.214179
0.4141019
2.8459058
1.0284111
0.45879585
7.5336027
0.25527412
1.9961083
2.91672
0.22001342
6.136482
0.7853841
1.0192589
1.920769
0.5117936
1.9115778
