1.5355172
1.1153164
2.468374
0.25625318
3.1015239
1.355422
0.43857002
1.6195168
1.8198917
1.1897606
1.1778669
1.5119293
0.45736533
1.5599935
1.535594
0.744793
0.34058142
5.5147095
0.26471657
1.2322977
2.1503754
1.1628628
1.8312144
1.635782
0.4677335
0.5799855
2.3338451
2.4023266
0.26945153
2.6541166
1.9920185
0.73921317
1.2326822
1.6533682
1.3650391
0.6508467
1.4139779
1.890809
1.2779477
0.4685752
4.5124197
2.1113093
0.79281116
0.55457973
1.3635526
1.3181762
1.0587144
1.101722
0.51733136
1.5521383
1.9835889
1.7499274
0.8585552
0.44563174
3.6488965
1.8812004
0.75236994
0.9552468
1.684062
1.7982423
0.7018156
0.8530904
0.9158305
0.88464487
1.0526676
1.2525272
0.7321792
0.69380057
2.2030706
0.5351145
1.2321352
0.9333221
0.66119325
2.0531173
2.1646352
0.68157864
0.37973237
1.7366407
1.5080628
1.3481162
0.71168566
0.8605683
1.708713
0.9278648
0.47407785
1.6255163
1.002926
1.2460463
1.2884235
0.42106676
2.866489
1.7671812
0.61948025
0.6377222
1.3836651
1.5203881
0.7533104
1.0193313
1.229253
1.6242466
1.8146675
1.2947764
1.6248608
1.3947215
1.0699751
0.88353235
0.8859622
1.412894
1.5519232
1.5936087
